StartTime: 2021-06-15 16:43:26.624
address	Time(s)	ax(g)	ay(g)	az(g)	wx(deg/s)	wy(deg/s)	wz(deg/s)	AngleX(deg)	AngleY(deg)	AngleZ(deg)	T(°)	hx	hy	hz	q0	q1	q2	q3
0x51	 16:43:26.624	0.2490	-0.0181	0.9849	0.0000	0.0000	0.0000	-1.0986	-14.2383	-104.9139	35.85	-668	-165	-118	0.60367	-0.10410	-0.06793	-0.78745
0x51	 16:43:26.624	0.2490	-0.0181	0.9849	0.0000	0.0000	0.0000	-1.0986	-14.2383	-104.9139	35.85	-668	-166	-118	0.60367	-0.10410	-0.06793	-0.78748
0x51	 16:43:26.624	0.2490	-0.0181	0.9849	0.0000	0.0000	0.0000	-1.0986	-14.2383	-104.9139	35.85	-668	-166	-118	0.60367	-0.10410	-0.06793	-0.78748
0x51	 16:43:26.629	0.2490	-0.0195	0.9849	0.0000	0.0000	0.0000	-1.0986	-14.2383	-104.9139	35.86	-668	-166	-118	0.60364	-0.10410	-0.06793	-0.78748
0x51	 16:43:26.632	0.2490	-0.0195	0.9849	0.0000	0.0000	0.0000	-1.0986	-14.2383	-104.9139	35.86	-668	-165	-118	0.60364	-0.10410	-0.06793	-0.78748
0x51	 16:43:26.638	0.2490	-0.0195	0.9849	0.0000	0.0000	0.0000	-1.0986	-14.2383	-104.9139	35.86	-668	-164	-117	0.60364	-0.10410	-0.06793	-0.78748
0x51	 16:43:26.643	0.2490	-0.0195	0.9849	0.0000	0.0000	0.0000	-1.0986	-14.2383	-104.9139	35.86	-667	-165	-117	0.60364	-0.10410	-0.06793	-0.78748
0x51	 16:43:26.646	0.2505	-0.0205	0.9849	0.0000	0.0000	0.0000	-1.0986	-14.2383	-104.9194	35.86	-667	-165	-116	0.60364	-0.10410	-0.06793	-0.78748
0x51	 16:43:26.652	0.2505	-0.0205	0.9849	0.0000	0.0000	0.0000	-1.1041	-14.2383	-104.9194	35.86	-666	-165	-117	0.60364	-0.10410	-0.06793	-0.78748
0x51	 16:43:26.658	0.2505	-0.0205	0.9849	0.0000	0.0000	0.0000	-1.1041	-14.2383	-104.9194	35.86	-666	-165	-117	0.60364	-0.10410	-0.06793	-0.78748
0x51	 16:43:26.664	0.2505	-0.0205	0.9849	0.0000	0.0000	0.0000	-1.1041	-14.2383	-104.9194	35.86	-666	-166	-117	0.60361	-0.10410	-0.06793	-0.78751
0x51	 16:43:26.666	0.2505	-0.0200	0.9849	0.0000	0.0000	0.0000	-1.1041	-14.2383	-104.9194	35.80	-666	-166	-117	0.60361	-0.10410	-0.06793	-0.78751
0x51	 16:43:26.672	0.2505	-0.0200	0.9849	0.0000	0.0000	0.0000	-1.1041	-14.2383	-104.9194	35.80	-666	-165	-116	0.60361	-0.10410	-0.06793	-0.78751
0x51	 16:43:26.678	0.2505	-0.0200	0.9849	0.0000	0.0000	0.0000	-1.1041	-14.2383	-104.9194	35.80	-666	-164	-116	0.60361	-0.10410	-0.06793	-0.78751
0x51	 16:43:26.684	0.2505	-0.0200	0.9849	0.0000	0.0000	0.0000	-1.1041	-14.2383	-104.9194	35.80	-666	-163	-116	0.60361	-0.10410	-0.06793	-0.78751
0x51	 16:43:26.687	0.2505	-0.0195	0.9844	0.0000	0.0000	0.0000	-1.1041	-14.2383	-104.9194	35.85	-667	-163	-116	0.60361	-0.10410	-0.06793	-0.78751
0x51	 16:43:26.693	0.2505	-0.0195	0.9844	0.0000	0.0000	0.0000	-1.1041	-14.2383	-104.9194	35.85	-666	-164	-116	0.60361	-0.10410	-0.06793	-0.78751
0x51	 16:43:26.698	0.2505	-0.0195	0.9844	0.0000	0.0000	0.0000	-1.1041	-14.2383	-104.9249	35.85	-665	-164	-116	0.60358	-0.10410	-0.06793	-0.78751
0x51	 16:43:26.701	0.2505	-0.0195	0.9844	0.0000	0.0000	0.0000	-1.1041	-14.2383	-104.9249	35.85	-665	-165	-116	0.60358	-0.10413	-0.06793	-0.78751
0x51	 16:43:26.707	0.2515	-0.0205	0.9834	0.0000	0.0000	0.0000	-1.1041	-14.2383	-104.9249	35.83	-665	-165	-116	0.60358	-0.10413	-0.06790	-0.78751
0x51	 16:43:26.713	0.2515	-0.0205	0.9834	0.0000	0.0000	0.0000	-1.1041	-14.2383	-104.9249	35.83	-666	-164	-117	0.60358	-0.10413	-0.06790	-0.78754
0x51	 16:43:26.719	0.2515	-0.0205	0.9834	0.0000	0.0000	0.0000	-1.1041	-14.2383	-104.9249	35.83	-667	-164	-117	0.60358	-0.10413	-0.06790	-0.78754
0x51	 16:43:26.721	0.2515	-0.0205	0.9834	0.0000	0.0000	0.0000	-1.1041	-14.2383	-104.9249	35.83	-667	-163	-116	0.60358	-0.10413	-0.06790	-0.78754
0x51	 16:43:26.727	0.2500	-0.0190	0.9839	0.0000	0.0000	0.0000	-1.1041	-14.2383	-104.9249	35.85	-666	-162	-115	0.60358	-0.10413	-0.06790	-0.78754
0x51	 16:43:26.734	0.2500	-0.0190	0.9839	0.0000	0.0000	0.0000	-1.1041	-14.2383	-104.9249	35.85	-667	-162	-116	0.60358	-0.10413	-0.06790	-0.78754
0x51	 16:43:26.736	0.2500	-0.0190	0.9839	0.0000	0.0000	0.0000	-1.1041	-14.2383	-104.9249	35.85	-667	-162	-117	0.60358	-0.10413	-0.06790	-0.78754
0x51	 16:43:26.768	0.2500	-0.0190	0.9839	0.0000	0.0000	0.0000	-1.1041	-14.2383	-104.9249	35.85	-668	-162	-117	0.60358	-0.10413	-0.06790	-0.78754
0x51	 16:43:26.769	0.2510	-0.0195	0.9839	0.0000	0.0000	0.0000	-1.1041	-14.2383	-104.9249	35.82	-668	-162	-118	0.60358	-0.10413	-0.06790	-0.78754
0x51	 16:43:26.769	0.2510	-0.0195	0.9839	0.0000	0.0000	0.0000	-1.1041	-14.2383	-104.9249	35.82	-668	-162	-118	0.60358	-0.10413	-0.06790	-0.78754
0x51	 16:43:26.769	0.2510	-0.0195	0.9839	0.0000	0.0000	0.0000	-1.1041	-14.2383	-104.9249	35.82	-668	-163	-118	0.60358	-0.10413	-0.06790	-0.78754
0x51	 16:43:26.769	0.2510	-0.0195	0.9839	0.0000	0.0000	0.0000	-1.1041	-14.2438	-104.9249	35.82	-667	-162	-120	0.60358	-0.10413	-0.06790	-0.78754
0x51	 16:43:26.769	0.2505	-0.0195	0.9839	0.0000	0.0000	0.0000	-1.1041	-14.2438	-104.9249	35.81	-666	-161	-121	0.60358	-0.10413	-0.06790	-0.78754
0x51	 16:43:26.771	0.2505	-0.0195	0.9839	0.0000	0.0000	0.0000	-1.1041	-14.2438	-104.9249	35.81	-666	-161	-120	0.60358	-0.10413	-0.06790	-0.78754
0x51	 16:43:26.776	0.2505	-0.0195	0.9839	0.0000	0.0000	0.0000	-1.1041	-14.2438	-104.9249	35.81	-666	-161	-120	0.60358	-0.10413	-0.06790	-0.78754
0x51	 16:43:26.782	0.2505	-0.0195	0.9839	0.0000	0.0000	0.0000	-1.1041	-14.2438	-104.9249	35.81	-667	-161	-120	0.60358	-0.10413	-0.06793	-0.78751
0x51	 16:43:26.794	0.2500	-0.0195	0.9849	0.0000	0.0000	0.0000	-1.1041	-14.2438	-104.9249	35.83	-668	-160	-120	0.60358	-0.10413	-0.06793	-0.78751
0x51	 16:43:26.794	0.2500	-0.0195	0.9849	0.0000	0.0000	0.0000	-1.1041	-14.2438	-104.9194	35.83	-668	-160	-119	0.60358	-0.10413	-0.06793	-0.78751
0x51	 16:43:26.803	0.2500	-0.0195	0.9849	0.0000	0.0000	0.0000	-1.1041	-14.2438	-104.9194	35.83	-669	-161	-119	0.60358	-0.10413	-0.06793	-0.78751
0x51	 16:43:26.803	0.2500	-0.0195	0.9849	0.0000	0.0000	0.0000	-1.1041	-14.2438	-104.9194	35.83	-669	-161	-118	0.60361	-0.10413	-0.06793	-0.78751
0x51	 16:43:26.806	0.2495	-0.0200	0.9844	0.0000	0.0000	0.0000	-1.1041	-14.2438	-104.9194	35.86	-669	-160	-119	0.60361	-0.10413	-0.06793	-0.78751
0x51	 16:43:26.811	0.2495	-0.0200	0.9844	0.0000	0.0000	0.0000	-1.1041	-14.2438	-104.9194	35.86	-669	-160	-119	0.60361	-0.10413	-0.06790	-0.78751
0x51	 16:43:26.817	0.2495	-0.0200	0.9844	0.0000	0.0000	0.0000	-1.1041	-14.2438	-104.9194	35.86	-670	-160	-119	0.60361	-0.10413	-0.06790	-0.78751
0x51	 16:43:26.826	0.2495	-0.0200	0.9844	0.0000	0.0000	0.0000	-1.1041	-14.2438	-104.9194	35.86	-670	-161	-119	0.60361	-0.10413	-0.06790	-0.78751
0x51	 16:43:26.826	0.2490	-0.0186	0.9858	0.0000	0.0000	0.0000	-1.1041	-14.2438	-104.9194	35.84	-670	-160	-119	0.60361	-0.10413	-0.06790	-0.78751
0x51	 16:43:26.832	0.2490	-0.0186	0.9858	0.0000	0.0000	0.0000	-1.1041	-14.2383	-104.9139	35.84	-670	-159	-120	0.60361	-0.10413	-0.06790	-0.78748
0x51	 16:43:26.837	0.2490	-0.0186	0.9858	0.0000	0.0000	0.0000	-1.1041	-14.2383	-104.9139	35.84	-669	-159	-119	0.60364	-0.10413	-0.06790	-0.78748
0x51	 16:43:26.843	0.2490	-0.0186	0.9858	0.0000	0.0000	0.0000	-1.1041	-14.2383	-104.9139	35.84	-669	-159	-118	0.60364	-0.10413	-0.06790	-0.78748
0x51	 16:43:26.847	0.2495	-0.0186	0.9849	0.0000	0.0000	0.0000	-1.1041	-14.2383	-104.9139	35.84	-669	-160	-118	0.60364	-0.10413	-0.06790	-0.78748
0x51	 16:43:26.852	0.2495	-0.0186	0.9849	0.0000	0.0000	0.0000	-1.1041	-14.2383	-104.9139	35.84	-668	-160	-117	0.60364	-0.10413	-0.06790	-0.78748
0x51	 16:43:26.858	0.2495	-0.0186	0.9849	0.0000	0.0000	0.0000	-1.1041	-14.2383	-104.9139	35.84	-669	-160	-118	0.60367	-0.10413	-0.06790	-0.78748
0x51	 16:43:26.861	0.2495	-0.0186	0.9849	0.0000	0.0000	0.0000	-1.1041	-14.2383	-104.9084	35.84	-669	-160	-118	0.60367	-0.10413	-0.06793	-0.78745
0x51	 16:43:26.867	0.2495	-0.0186	0.9839	0.0000	0.0000	0.0000	-1.1041	-14.2383	-104.9084	35.83	-670	-160	-118	0.60367	-0.10413	-0.06793	-0.78745
0x51	 16:43:26.872	0.2495	-0.0186	0.9839	0.0000	0.0000	0.0000	-1.1041	-14.2383	-104.9084	35.83	-672	-160	-119	0.60367	-0.10413	-0.06793	-0.78745
0x51	 16:43:26.878	0.2495	-0.0186	0.9839	0.0000	0.0000	0.0000	-1.1041	-14.2383	-104.9084	35.83	-672	-160	-118	0.60367	-0.10413	-0.06793	-0.78745
0x51	 16:43:26.881	0.2495	-0.0186	0.9839	0.0000	0.0000	0.0000	-1.1041	-14.2383	-104.9084	35.83	-671	-161	-118	0.60370	-0.10413	-0.06793	-0.78745
0x51	 16:43:26.887	0.2495	-0.0181	0.9849	0.0000	0.0000	0.0000	-1.1041	-14.2383	-104.9084	35.84	-671	-161	-118	0.60370	-0.10413	-0.06793	-0.78745
0x51	 16:43:26.893	0.2495	-0.0181	0.9849	0.0000	0.0000	0.0000	-1.1041	-14.2383	-104.9084	35.84	-670	-162	-118	0.60370	-0.10413	-0.06793	-0.78745
0x51	 16:43:26.895	0.2495	-0.0181	0.9849	0.0000	0.0000	0.0000	-1.1041	-14.2383	-104.9030	35.84	-670	-160	-119	0.60370	-0.10413	-0.06793	-0.78745
0x51	 16:43:26.901	0.2495	-0.0181	0.9849	0.0000	0.0000	0.0000	-1.1041	-14.2383	-104.9030	35.84	-670	-159	-119	0.60370	-0.10413	-0.06793	-0.78741
0x51	 16:43:26.907	0.2495	-0.0176	0.9844	0.0000	0.0000	0.0000	-1.1041	-14.2383	-104.9030	35.81	-669	-159	-118	0.60370	-0.10410	-0.06793	-0.78741
0x51	 16:43:26.913	0.2495	-0.0176	0.9844	0.0000	0.0000	0.0000	-1.1041	-14.2383	-104.9030	35.81	-668	-159	-118	0.60373	-0.10410	-0.06793	-0.78741
0x51	 16:43:26.916	0.2495	-0.0176	0.9844	0.0000	0.0000	0.0000	-1.1041	-14.2383	-104.9030	35.81	-668	-160	-118	0.60373	-0.10410	-0.06793	-0.78741
0x51	 16:43:26.922	0.2495	-0.0176	0.9844	0.0000	0.0000	0.0000	-1.1041	-14.2383	-104.9030	35.81	-667	-161	-118	0.60373	-0.10410	-0.06793	-0.78741
0x51	 16:43:26.927	0.2495	-0.0181	0.9849	0.0000	0.0000	0.0000	-1.1041	-14.2383	-104.9030	35.85	-667	-161	-119	0.60373	-0.10410	-0.06793	-0.78741
0x51	 16:43:26.933	0.2495	-0.0181	0.9849	0.0000	0.0000	0.0000	-1.1041	-14.2383	-104.9030	35.85	-667	-160	-119	0.60373	-0.10410	-0.06793	-0.78741
0x51	 16:43:26.936	0.2495	-0.0181	0.9849	0.0000	0.0000	0.0000	-1.1041	-14.2383	-104.8975	35.85	-668	-161	-119	0.60373	-0.10410	-0.06793	-0.78741
0x51	 16:43:26.942	0.2495	-0.0181	0.9849	0.0000	0.0000	0.0000	-1.1041	-14.2383	-104.8975	35.85	-668	-161	-119	0.60373	-0.10410	-0.06793	-0.78738
0x51	 16:43:26.948	0.2505	-0.0181	0.9849	0.0000	0.0000	0.0000	-1.1041	-14.2383	-104.8975	35.84	-668	-161	-119	0.60376	-0.10410	-0.06793	-0.78738
0x51	 16:43:26.951	0.2505	-0.0181	0.9849	0.0000	0.0000	0.0000	-1.1041	-14.2383	-104.8975	35.84	-667	-161	-118	0.60376	-0.10410	-0.06793	-0.78738
0x51	 16:43:26.956	0.2505	-0.0181	0.9849	0.0000	0.0000	0.0000	-1.1041	-14.2383	-104.8975	35.84	-666	-161	-118	0.60376	-0.10410	-0.06793	-0.78738
0x51	 16:43:26.962	0.2505	-0.0181	0.9849	0.0000	0.0000	0.0000	-1.1041	-14.2383	-104.8975	35.84	-665	-161	-119	0.60376	-0.10410	-0.06793	-0.78738
0x51	 16:43:26.965	0.2495	-0.0195	0.9844	0.0000	0.0000	0.0000	-1.1041	-14.2383	-104.8975	35.83	-665	-161	-119	0.60376	-0.10410	-0.06796	-0.78738
0x51	 16:43:26.971	0.2495	-0.0195	0.9844	0.0000	0.0000	0.0000	-1.1041	-14.2383	-104.8975	35.83	-664	-161	-119	0.60376	-0.10410	-0.06793	-0.78738
0x51	 16:43:27.000	0.2495	-0.0195	0.9844	0.0000	0.0000	0.0000	-1.1041	-14.2383	-104.8975	35.83	-664	-160	-119	0.60376	-0.10410	-0.06793	-0.78738
0x51	 16:43:27.000	0.2495	-0.0195	0.9844	0.0000	0.0000	0.0000	-1.1041	-14.2383	-104.8975	35.83	-664	-160	-120	0.60376	-0.10410	-0.06793	-0.78738
0x51	 16:43:27.000	0.2500	-0.0190	0.9844	0.0000	0.0000	0.0000	-1.1041	-14.2383	-104.8975	35.84	-664	-160	-120	0.60376	-0.10410	-0.06793	-0.78738
0x51	 16:43:27.000	0.2500	-0.0190	0.9844	0.0000	0.0000	0.0000	-1.1041	-14.2383	-104.8975	35.84	-664	-161	-120	0.60376	-0.10410	-0.06793	-0.78738
0x51	 16:43:27.000	0.2500	-0.0190	0.9844	0.0000	0.0000	0.0000	-1.1041	-14.2383	-104.8975	35.84	-664	-162	-120	0.60376	-0.10410	-0.06793	-0.78738
0x51	 16:43:27.003	0.2500	-0.0190	0.9844	0.0000	0.0000	0.0000	-1.1041	-14.2383	-104.8975	35.84	-665	-162	-119	0.60376	-0.10410	-0.06793	-0.78738
0x51	 16:43:27.005	0.2500	-0.0195	0.9844	0.0000	0.0000	0.0000	-1.1041	-14.2383	-104.8975	35.86	-665	-162	-119	0.60376	-0.10410	-0.06793	-0.78738
0x51	 16:43:27.011	0.2500	-0.0195	0.9844	0.0000	0.0000	0.0000	-1.1041	-14.2383	-104.8975	35.86	-665	-162	-119	0.60376	-0.10410	-0.06793	-0.78738
0x51	 16:43:27.017	0.2500	-0.0195	0.9844	0.0000	0.0000	0.0000	-1.1041	-14.2383	-104.8975	35.86	-665	-161	-118	0.60376	-0.10410	-0.06793	-0.78738
0x51	 16:43:27.020	0.2500	-0.0195	0.9844	0.0000	0.0000	0.0000	-1.1041	-14.2383	-104.8975	35.86	-665	-161	-118	0.60376	-0.10410	-0.06793	-0.78738
0x51	 16:43:27.026	0.2500	-0.0190	0.9844	0.0000	0.0000	0.0000	-1.1041	-14.2383	-104.8975	35.83	-665	-162	-119	0.60376	-0.10410	-0.06793	-0.78738
0x51	 16:43:27.032	0.2500	-0.0190	0.9844	0.0000	0.0000	0.0000	-1.1041	-14.2383	-104.8975	35.83	-666	-162	-118	0.60376	-0.10410	-0.06793	-0.78738
0x51	 16:43:27.038	0.2500	-0.0190	0.9844	0.0000	0.0000	0.0000	-1.1041	-14.2383	-104.8975	35.83	-666	-163	-118	0.60376	-0.10410	-0.06793	-0.78738
0x51	 16:43:27.040	0.2500	-0.0190	0.9844	0.0000	0.0000	0.0000	-1.1041	-14.2383	-104.8975	35.83	-666	-163	-118	0.60376	-0.10410	-0.06793	-0.78738
0x51	 16:43:27.046	0.2510	-0.0200	0.9849	0.0000	0.0000	0.0000	-1.1041	-14.2383	-104.8975	35.83	-666	-163	-118	0.60376	-0.10410	-0.06793	-0.78738
0x51	 16:43:27.052	0.2510	-0.0200	0.9849	0.0000	0.0000	0.0000	-1.1041	-14.2383	-104.8975	35.83	-666	-163	-118	0.60376	-0.10410	-0.06793	-0.78738
0x51	 16:43:27.055	0.2510	-0.0200	0.9849	0.0000	0.0000	0.0000	-1.1041	-14.2383	-104.8975	35.83	-667	-162	-118	0.60376	-0.10410	-0.06793	-0.78738
0x51	 16:43:27.061	0.2510	-0.0200	0.9849	0.0000	0.0000	0.0000	-1.1041	-14.2383	-104.8975	35.83	-666	-163	-117	0.60376	-0.10410	-0.06793	-0.78738
0x51	 16:43:27.067	0.2505	-0.0200	0.9839	0.0000	0.0000	0.0000	-1.1041	-14.2383	-104.8975	35.86	-665	-164	-117	0.60376	-0.10410	-0.06793	-0.78738
0x51	 16:43:27.072	0.2505	-0.0200	0.9839	0.0000	0.0000	0.0000	-1.1041	-14.2383	-104.8975	35.86	-666	-163	-117	0.60376	-0.10410	-0.06793	-0.78738
0x51	 16:43:27.075	0.2505	-0.0200	0.9839	0.0000	0.0000	0.0000	-1.1041	-14.2383	-104.8975	35.86	-666	-162	-117	0.60376	-0.10410	-0.06793	-0.78738
0x51	 16:43:27.081	0.2505	-0.0200	0.9839	0.0000	0.0000	0.0000	-1.1041	-14.2383	-104.8975	35.86	-667	-162	-117	0.60376	-0.10410	-0.06793	-0.78738
0x51	 16:43:27.087	0.2500	-0.0195	0.9844	0.0000	0.0000	0.0000	-1.1041	-14.2383	-104.8975	35.85	-667	-162	-116	0.60376	-0.10413	-0.06793	-0.78738
0x51	 16:43:27.090	0.2500	-0.0195	0.9844	0.0000	0.0000	0.0000	-1.1041	-14.2383	-104.8975	35.85	-667	-162	-116	0.60376	-0.10413	-0.06793	-0.78738
0x51	 16:43:27.095	0.2500	-0.0195	0.9844	0.0000	0.0000	0.0000	-1.1041	-14.2383	-104.8975	35.85	-666	-162	-116	0.60376	-0.10413	-0.06793	-0.78738
0x51	 16:43:27.101	0.2500	-0.0195	0.9844	0.0000	0.0000	0.0000	-1.1041	-14.2383	-104.8975	35.85	-667	-162	-117	0.60376	-0.10413	-0.06793	-0.78738
0x51	 16:43:27.107	0.2495	-0.0195	0.9844	0.0000	0.0000	0.0000	-1.1041	-14.2383	-104.8975	35.86	-667	-162	-117	0.60376	-0.10413	-0.06793	-0.78738
0x51	 16:43:27.110	0.2495	-0.0195	0.9844	0.0000	0.0000	0.0000	-1.1041	-14.2383	-104.8975	35.86	-667	-162	-116	0.60376	-0.10413	-0.06793	-0.78738
0x51	 16:43:27.115	0.2495	-0.0195	0.9844	0.0000	0.0000	0.0000	-1.1041	-14.2383	-104.8975	35.86	-667	-162	-116	0.60376	-0.10413	-0.06793	-0.78738
0x51	 16:43:27.121	0.2495	-0.0195	0.9844	0.0000	0.0000	0.0000	-1.1041	-14.2383	-104.8975	35.86	-668	-162	-115	0.60376	-0.10413	-0.06793	-0.78738
0x51	 16:43:27.123	0.2500	-0.0205	0.9849	0.0000	0.0000	0.0000	-1.1041	-14.2383	-104.8975	35.86	-669	-162	-115	0.60376	-0.10413	-0.06793	-0.78738
0x51	 16:43:27.129	0.2500	-0.0205	0.9849	0.0000	0.0000	0.0000	-1.1041	-14.2383	-104.8975	35.86	-670	-161	-115	0.60376	-0.10413	-0.06793	-0.78738
0x51	 16:43:27.135	0.2500	-0.0205	0.9849	0.0000	0.0000	0.0000	-1.1041	-14.2383	-104.8975	35.86	-670	-160	-116	0.60376	-0.10413	-0.06793	-0.78738
0x51	 16:43:27.141	0.2500	-0.0205	0.9849	0.0000	0.0000	0.0000	-1.1041	-14.2383	-104.8975	35.86	-671	-159	-116	0.60376	-0.10413	-0.06793	-0.78738
0x51	 16:43:27.144	0.2495	-0.0190	0.9849	0.0000	0.0000	0.0000	-1.1041	-14.2383	-104.8975	35.84	-669	-160	-116	0.60376	-0.10413	-0.06793	-0.78738
0x51	 16:43:27.150	0.2495	-0.0190	0.9849	0.0000	0.0000	0.0000	-1.1041	-14.2383	-104.8920	35.84	-668	-161	-115	0.60376	-0.10413	-0.06793	-0.78738
0x51	 16:43:27.180	0.2495	-0.0190	0.9849	0.0000	0.0000	0.0000	-1.1041	-14.2383	-104.8920	35.84	-669	-161	-116	0.60379	-0.10413	-0.06793	-0.78738
0x51	 16:43:27.180	0.2495	-0.0190	0.9849	0.0000	0.0000	0.0000	-1.1041	-14.2383	-104.8920	35.84	-669	-162	-117	0.60379	-0.10413	-0.06793	-0.78735
0x51	 16:43:27.180	0.2495	-0.0190	0.9839	0.0000	0.0000	0.0000	-1.1041	-14.2383	-104.8920	35.85	-669	-162	-116	0.60379	-0.10413	-0.06793	-0.78735
0x51	 16:43:27.181	0.2495	-0.0190	0.9839	0.0000	0.0000	0.0000	-1.1041	-14.2383	-104.8920	35.85	-669	-162	-116	0.60379	-0.10413	-0.06793	-0.78735
0x51	 16:43:27.181	0.2495	-0.0190	0.9839	0.0000	0.0000	0.0000	-1.1041	-14.2383	-104.8920	35.85	-669	-163	-116	0.60379	-0.10413	-0.06793	-0.78735
0x51	 16:43:27.181	0.2495	-0.0190	0.9839	0.0000	0.0000	0.0000	-1.1041	-14.2383	-104.8920	35.85	-669	-163	-116	0.60379	-0.10413	-0.06793	-0.78735
0x51	 16:43:27.187	0.2495	-0.0181	0.9854	0.0000	0.0000	0.0000	-1.1041	-14.2383	-104.8920	35.86	-669	-162	-116	0.60379	-0.10413	-0.06793	-0.78735
0x51	 16:43:27.195	0.2495	-0.0181	0.9854	0.0000	0.0000	0.0000	-1.1041	-14.2383	-104.8920	35.86	-668	-161	-116	0.60379	-0.10413	-0.06793	-0.78735
0x51	 16:43:27.201	0.2495	-0.0181	0.9854	0.0000	0.0000	0.0000	-1.1041	-14.2383	-104.8920	35.86	-668	-162	-116	0.60379	-0.10410	-0.06793	-0.78735
0x51	 16:43:27.201	0.2495	-0.0181	0.9854	0.0000	0.0000	0.0000	-1.1041	-14.2383	-104.8920	35.86	-668	-163	-116	0.60379	-0.10410	-0.06793	-0.78735
0x51	 16:43:27.206	0.2495	-0.0181	0.9844	0.0000	0.0000	0.0000	-1.1041	-14.2383	-104.8920	35.86	-667	-162	-116	0.60379	-0.10410	-0.06793	-0.78735
0x51	 16:43:27.210	0.2495	-0.0181	0.9844	0.0000	0.0000	0.0000	-1.1041	-14.2383	-104.8920	35.86	-666	-162	-117	0.60379	-0.10410	-0.06793	-0.78735
0x51	 16:43:27.213	0.2495	-0.0181	0.9844	0.0000	0.0000	0.0000	-1.1041	-14.2383	-104.8920	35.86	-666	-163	-116	0.60379	-0.10410	-0.06793	-0.78735
0x51	 16:43:27.219	0.2495	-0.0181	0.9844	0.0000	0.0000	0.0000	-1.1041	-14.2383	-104.8920	35.86	-665	-163	-116	0.60379	-0.10410	-0.06793	-0.78735
0x51	 16:43:27.225	0.2495	-0.0181	0.9844	0.0000	0.0000	0.0000	-1.1041	-14.2383	-104.8920	35.85	-666	-163	-115	0.60379	-0.10410	-0.06793	-0.78735
0x51	 16:43:27.231	0.2495	-0.0181	0.9844	0.0000	0.0000	0.0000	-1.1041	-14.2383	-104.8920	35.85	-667	-163	-115	0.60379	-0.10410	-0.06793	-0.78735
0x51	 16:43:27.234	0.2495	-0.0181	0.9844	0.0000	0.0000	0.0000	-1.1041	-14.2383	-104.8920	35.85	-666	-163	-115	0.60379	-0.10410	-0.06793	-0.78735
0x51	 16:43:27.240	0.2495	-0.0181	0.9844	0.0000	0.0000	0.0000	-1.1041	-14.2383	-104.8920	35.85	-665	-163	-115	0.60379	-0.10410	-0.06793	-0.78735
0x51	 16:43:27.245	0.2495	-0.0181	0.9854	0.0000	0.0000	0.0000	-1.1041	-14.2383	-104.8920	35.84	-666	-162	-115	0.60379	-0.10410	-0.06793	-0.78735
0x51	 16:43:27.248	0.2495	-0.0181	0.9854	0.0000	0.0000	0.0000	-1.1041	-14.2383	-104.8920	35.84	-666	-161	-116	0.60379	-0.10410	-0.06793	-0.78735
0x51	 16:43:27.254	0.2495	-0.0181	0.9854	0.0000	0.0000	0.0000	-1.1041	-14.2383	-104.8920	35.84	-667	-161	-115	0.60379	-0.10410	-0.06793	-0.78735
0x51	 16:43:27.260	0.2495	-0.0181	0.9854	0.0000	0.0000	0.0000	-1.1041	-14.2383	-104.8920	35.84	-667	-161	-115	0.60379	-0.10410	-0.06793	-0.78735
0x51	 16:43:27.265	0.2490	-0.0186	0.9844	0.0000	0.0000	0.0000	-1.1041	-14.2383	-104.8920	35.83	-667	-161	-115	0.60379	-0.10410	-0.06793	-0.78735
0x51	 16:43:27.268	0.2490	-0.0186	0.9844	0.0000	0.0000	0.0000	-1.1041	-14.2383	-104.8920	35.83	-667	-162	-116	0.60379	-0.10410	-0.06793	-0.78735
0x51	 16:43:27.274	0.2490	-0.0186	0.9844	0.0000	0.0000	0.0000	-1.1041	-14.2383	-104.8920	35.83	-668	-162	-116	0.60379	-0.10410	-0.06793	-0.78735
0x51	 16:43:27.280	0.2490	-0.0186	0.9844	0.0000	0.0000	0.0000	-1.1041	-14.2383	-104.8920	35.83	-668	-163	-117	0.60379	-0.10410	-0.06793	-0.78735
0x51	 16:43:27.283	0.2505	-0.0176	0.9854	0.0000	0.0000	0.0000	-1.1041	-14.2383	-104.8920	35.86	-668	-163	-115	0.60379	-0.10410	-0.06793	-0.78735
0x51	 16:43:27.289	0.2505	-0.0176	0.9854	0.0000	0.0000	0.0000	-1.1041	-14.2383	-104.8920	35.86	-668	-162	-114	0.60379	-0.10410	-0.06793	-0.78735
0x51	 16:43:27.295	0.2505	-0.0176	0.9854	0.0000	0.0000	0.0000	-1.1041	-14.2383	-104.8920	35.86	-668	-163	-114	0.60379	-0.10410	-0.06793	-0.78735
0x51	 16:43:27.300	0.2505	-0.0176	0.9854	0.0000	0.0000	0.0000	-1.1041	-14.2383	-104.8920	35.86	-668	-163	-114	0.60379	-0.10406	-0.06793	-0.78735
0x51	 16:43:27.303	0.2505	-0.0190	0.9834	0.0000	0.0000	0.0000	-1.1041	-14.2383	-104.8920	35.86	-668	-164	-113	0.60379	-0.10406	-0.06793	-0.78735
0x51	 16:43:27.309	0.2505	-0.0190	0.9834	0.0000	0.0000	0.0000	-1.1041	-14.2383	-104.8920	35.86	-668	-163	-114	0.60379	-0.10410	-0.06796	-0.78735
0x51	 16:43:27.315	0.2505	-0.0190	0.9834	0.0000	0.0000	0.0000	-1.1041	-14.2383	-104.8920	35.86	-668	-163	-114	0.60379	-0.10410	-0.06796	-0.78735
0x51	 16:43:27.321	0.2505	-0.0190	0.9834	0.0000	0.0000	0.0000	-1.1041	-14.2383	-104.8920	35.86	-668	-163	-115	0.60379	-0.10410	-0.06796	-0.78735
0x51	 16:43:27.323	0.2500	-0.0205	0.9844	0.0000	0.0000	0.0000	-1.1041	-14.2383	-104.8920	35.85	-667	-163	-115	0.60379	-0.10410	-0.06796	-0.78735
0x51	 16:43:27.329	0.2500	-0.0205	0.9844	0.0000	0.0000	0.0000	-1.1041	-14.2383	-104.8920	35.85	-668	-163	-115	0.60379	-0.10410	-0.06796	-0.78735
0x51	 16:43:27.337	0.2500	-0.0205	0.9844	0.0000	0.0000	0.0000	-1.1041	-14.2383	-104.8920	35.85	-668	-163	-116	0.60379	-0.10410	-0.06793	-0.78735
0x51	 16:43:27.338	0.2500	-0.0205	0.9844	0.0000	0.0000	0.0000	-1.1041	-14.2383	-104.8920	35.85	-668	-163	-117	0.60379	-0.10410	-0.06793	-0.78735
0x51	 16:43:27.344	0.2500	-0.0195	0.9858	0.0000	0.0000	0.0000	-1.1041	-14.2383	-104.8920	35.82	-668	-162	-117	0.60379	-0.10410	-0.06793	-0.78735
0x51	 16:43:27.350	0.2500	-0.0195	0.9858	0.0000	0.0000	0.0000	-1.1041	-14.2383	-104.8920	35.82	-667	-163	-117	0.60379	-0.10410	-0.06793	-0.78735
0x51	 16:43:27.355	0.2500	-0.0195	0.9858	0.0000	0.0000	0.0000	-1.1041	-14.2383	-104.8920	35.82	-666	-164	-116	0.60379	-0.10410	-0.06793	-0.78735
0x51	 16:43:27.358	0.2500	-0.0195	0.9858	0.0000	0.0000	0.0000	-1.1041	-14.2383	-104.8920	35.82	-667	-164	-116	0.60379	-0.10410	-0.06793	-0.78735
0x51	 16:43:27.364	0.2500	-0.0195	0.9844	0.0000	0.0000	0.0000	-1.1041	-14.2383	-104.8920	35.82	-667	-164	-116	0.60379	-0.10410	-0.06793	-0.78735
0x51	 16:43:27.370	0.2500	-0.0195	0.9844	0.0000	0.0000	0.0000	-1.1041	-14.2383	-104.8975	35.82	-667	-165	-116	0.60379	-0.10410	-0.06793	-0.78735
0x51	 16:43:27.373	0.2500	-0.0195	0.9844	0.0000	0.0000	0.0000	-1.1041	-14.2383	-104.8975	35.82	-667	-165	-116	0.60379	-0.10410	-0.06793	-0.78738
0x51	 16:43:27.378	0.2500	-0.0195	0.9844	0.0000	0.0000	0.0000	-1.1041	-14.2383	-104.8975	35.82	-667	-164	-116	0.60376	-0.10410	-0.06793	-0.78738
0x51	 16:43:27.412	0.2500	-0.0190	0.9844	0.0000	0.0000	0.0000	-1.1041	-14.2383	-104.8975	35.87	-667	-163	-116	0.60376	-0.10410	-0.06793	-0.78738
0x51	 16:43:27.412	0.2500	-0.0190	0.9844	0.0000	0.0000	0.0000	-1.1041	-14.2383	-104.8975	35.87	-667	-163	-117	0.60376	-0.10410	-0.06793	-0.78738
0x51	 16:43:27.412	0.2500	-0.0190	0.9844	0.0000	0.0000	0.0000	-1.1041	-14.2383	-104.8975	35.87	-667	-163	-117	0.60376	-0.10410	-0.06793	-0.78738
0x51	 16:43:27.412	0.2500	-0.0190	0.9844	0.0000	0.0000	0.0000	-1.1041	-14.2383	-104.8975	35.87	-667	-163	-117	0.60376	-0.10410	-0.06793	-0.78738
0x51	 16:43:27.412	0.2510	-0.0195	0.9844	0.0000	0.0000	0.0000	-1.1041	-14.2383	-104.8975	35.86	-667	-162	-117	0.60376	-0.10410	-0.06793	-0.78738
0x51	 16:43:27.412	0.2510	-0.0195	0.9844	0.0000	0.0000	0.0000	-1.1041	-14.2383	-104.8975	35.86	-667	-162	-117	0.60376	-0.10410	-0.06793	-0.78738
0x51	 16:43:27.413	0.2510	-0.0195	0.9844	0.0000	0.0000	0.0000	-1.1041	-14.2383	-104.8975	35.86	-667	-162	-117	0.60376	-0.10410	-0.06793	-0.78738
0x51	 16:43:27.419	0.2510	-0.0195	0.9844	0.0000	0.0000	0.0000	-1.1041	-14.2383	-104.8975	35.86	-667	-162	-117	0.60376	-0.10410	-0.06793	-0.78738
0x51	 16:43:27.425	0.2505	-0.0195	0.9839	0.0000	0.0000	0.0000	-1.1041	-14.2383	-104.8975	35.80	-667	-161	-116	0.60376	-0.10410	-0.06793	-0.78738
0x51	 16:43:27.428	0.2505	-0.0195	0.9839	0.0000	0.0000	0.0000	-1.1041	-14.2383	-104.8975	35.80	-668	-161	-116	0.60376	-0.10410	-0.06793	-0.78738
0x51	 16:43:27.434	0.2505	-0.0195	0.9839	0.0000	0.0000	0.0000	-1.1041	-14.2383	-104.8975	35.80	-668	-162	-115	0.60376	-0.10410	-0.06793	-0.78738
0x51	 16:43:27.439	0.2505	-0.0195	0.9839	0.0000	0.0000	0.0000	-1.1041	-14.2383	-104.8975	35.80	-668	-161	-116	0.60376	-0.10410	-0.06793	-0.78738
0x51	 16:43:27.442	0.2500	-0.0190	0.9849	0.0000	0.0000	0.0000	-1.1041	-14.2383	-104.8920	35.83	-669	-161	-116	0.60376	-0.10410	-0.06793	-0.78738
0x51	 16:43:27.448	0.2500	-0.0190	0.9849	0.0000	0.0000	0.0000	-1.1041	-14.2383	-104.8920	35.83	-670	-161	-115	0.60379	-0.10410	-0.06793	-0.78738
0x51	 16:43:27.454	0.2500	-0.0190	0.9849	0.0000	0.0000	0.0000	-1.1041	-14.2383	-104.8920	35.83	-670	-160	-115	0.60379	-0.10410	-0.06793	-0.78735
0x51	 16:43:27.460	0.2500	-0.0190	0.9849	0.0000	0.0000	0.0000	-1.1041	-14.2383	-104.8920	35.83	-671	-161	-115	0.60379	-0.10410	-0.06793	-0.78735
0x51	 16:43:27.462	0.2490	-0.0190	0.9849	0.0000	0.0000	0.0000	-1.1041	-14.2383	-104.8920	35.86	-671	-161	-116	0.60379	-0.10410	-0.06793	-0.78735
0x51	 16:43:27.468	0.2490	-0.0190	0.9849	0.0000	0.0000	0.0000	-1.1041	-14.2383	-104.8920	35.86	-670	-161	-116	0.60379	-0.10410	-0.06793	-0.78735
0x51	 16:43:27.474	0.2490	-0.0190	0.9849	0.0000	0.0000	0.0000	-1.1041	-14.2383	-104.8920	35.86	-669	-161	-117	0.60379	-0.10410	-0.06793	-0.78735
0x51	 16:43:27.480	0.2490	-0.0190	0.9849	0.0000	0.0000	0.0000	-1.1041	-14.2383	-104.8920	35.86	-668	-161	-117	0.60379	-0.10410	-0.06793	-0.78735
0x51	 16:43:27.483	0.2500	-0.0190	0.9844	0.0000	0.0000	0.0000	-1.1041	-14.2383	-104.8920	35.85	-667	-162	-117	0.60382	-0.10410	-0.06793	-0.78735
0x51	 16:43:27.489	0.2500	-0.0190	0.9844	0.0000	0.0000	0.0000	-1.1041	-14.2383	-104.8920	35.85	-667	-162	-117	0.60382	-0.10410	-0.06793	-0.78735
0x51	 16:43:27.494	0.2500	-0.0190	0.9844	0.0000	0.0000	0.0000	-1.1041	-14.2383	-104.8920	35.85	-667	-162	-117	0.60382	-0.10410	-0.06793	-0.78735
0x51	 16:43:27.497	0.2500	-0.0190	0.9844	0.0000	0.0000	0.0000	-1.1041	-14.2383	-104.8920	35.85	-667	-161	-117	0.60382	-0.10410	-0.06793	-0.78735
0x51	 16:43:27.503	0.2510	-0.0190	0.9839	0.0000	0.0000	0.0000	-1.1041	-14.2383	-104.8920	35.83	-668	-162	-117	0.60382	-0.10410	-0.06793	-0.78735
0x51	 16:43:27.509	0.2510	-0.0190	0.9839	0.0000	0.0000	0.0000	-1.1041	-14.2383	-104.8920	35.83	-668	-163	-116	0.60382	-0.10410	-0.06793	-0.78735
0x51	 16:43:27.515	0.2510	-0.0190	0.9839	0.0000	0.0000	0.0000	-1.1041	-14.2383	-104.8920	35.83	-668	-163	-116	0.60382	-0.10410	-0.06793	-0.78735
0x51	 16:43:27.518	0.2510	-0.0190	0.9839	0.0000	0.0000	0.0000	-1.1041	-14.2383	-104.8920	35.83	-668	-163	-117	0.60382	-0.10410	-0.06793	-0.78735
0x51	 16:43:27.524	0.2505	-0.0190	0.9839	0.0000	0.0000	0.0000	-1.1041	-14.2383	-104.8920	35.85	-668	-163	-117	0.60382	-0.10410	-0.06793	-0.78735
0x51	 16:43:27.529	0.2505	-0.0190	0.9839	0.0000	0.0000	0.0000	-1.1041	-14.2383	-104.8920	35.85	-668	-162	-118	0.60382	-0.10410	-0.06793	-0.78735
0x51	 16:43:27.532	0.2505	-0.0190	0.9839	0.0000	0.0000	0.0000	-1.1041	-14.2383	-104.8920	35.85	-668	-162	-117	0.60382	-0.10410	-0.06793	-0.78735
0x51	 16:43:27.538	0.2505	-0.0190	0.9839	0.0000	0.0000	0.0000	-1.1041	-14.2383	-104.8920	35.85	-668	-162	-116	0.60382	-0.10410	-0.06793	-0.78735
0x51	 16:43:27.544	0.2495	-0.0186	0.9854	0.0000	0.0000	0.0000	-1.1041	-14.2383	-104.8920	35.85	-669	-163	-116	0.60382	-0.10410	-0.06793	-0.78735
0x51	 16:43:27.550	0.2495	-0.0186	0.9854	0.0000	0.0000	0.0000	-1.1041	-14.2383	-104.8920	35.85	-669	-163	-117	0.60382	-0.10410	-0.06793	-0.78735
0x51	 16:43:27.552	0.2495	-0.0186	0.9854	0.0000	0.0000	0.0000	-1.1041	-14.2383	-104.8920	35.85	-668	-163	-116	0.60382	-0.10410	-0.06793	-0.78735
0x51	 16:43:27.558	0.2495	-0.0186	0.9854	0.0000	0.0000	0.0000	-1.1041	-14.2383	-104.8920	35.85	-668	-163	-116	0.60382	-0.10410	-0.06793	-0.78735
0x51	 16:43:27.564	0.2500	-0.0190	0.9844	0.0000	0.0000	0.0000	-1.1041	-14.2383	-104.8920	35.82	-669	-163	-116	0.60382	-0.10410	-0.06793	-0.78735
0x51	 16:43:27.593	0.2500	-0.0190	0.9844	0.0000	0.0000	0.0000	-1.1041	-14.2383	-104.8920	35.82	-669	-162	-115	0.60382	-0.10410	-0.06793	-0.78735
0x51	 16:43:27.593	0.2500	-0.0190	0.9844	0.0000	0.0000	0.0000	-1.1041	-14.2383	-104.8920	35.82	-669	-163	-115	0.60382	-0.10410	-0.06793	-0.78735
0x51	 16:43:27.593	0.2500	-0.0190	0.9844	0.0000	0.0000	0.0000	-1.1041	-14.2383	-104.8920	35.82	-669	-163	-115	0.60382	-0.10410	-0.06793	-0.78735
0x51	 16:43:27.593	0.2500	-0.0190	0.9844	0.0000	0.0000	0.0000	-1.1041	-14.2383	-104.8920	35.83	-669	-164	-115	0.60382	-0.10410	-0.06793	-0.78735
0x51	 16:43:27.593	0.2500	-0.0190	0.9844	0.0000	0.0000	0.0000	-1.1041	-14.2383	-104.8920	35.83	-670	-164	-114	0.60382	-0.10410	-0.06793	-0.78735
0x51	 16:43:27.593	0.2500	-0.0190	0.9844	0.0000	0.0000	0.0000	-1.1041	-14.2383	-104.8920	35.83	-670	-163	-114	0.60382	-0.10410	-0.06793	-0.78735
0x51	 16:43:27.599	0.2500	-0.0190	0.9844	0.0000	0.0000	0.0000	-1.1041	-14.2383	-104.8920	35.83	-669	-163	-114	0.60382	-0.10410	-0.06793	-0.78735
0x51	 16:43:27.602	0.2500	-0.0190	0.9854	0.0000	0.0000	0.0000	-1.1041	-14.2383	-104.8920	35.86	-669	-162	-114	0.60382	-0.10410	-0.06793	-0.78735
0x51	 16:43:27.607	0.2500	-0.0190	0.9854	0.0000	0.0000	0.0000	-1.1041	-14.2383	-104.8920	35.86	-669	-162	-115	0.60382	-0.10410	-0.06793	-0.78735
0x51	 16:43:27.613	0.2500	-0.0190	0.9854	0.0000	0.0000	0.0000	-1.1041	-14.2383	-104.8920	35.86	-669	-161	-115	0.60382	-0.10410	-0.06793	-0.78735
0x51	 16:43:27.619	0.2500	-0.0190	0.9854	0.0000	0.0000	0.0000	-1.1041	-14.2383	-104.8865	35.86	-669	-161	-115	0.60382	-0.10410	-0.06793	-0.78735
0x51	 16:43:27.622	0.2495	-0.0190	0.9844	0.0000	0.0000	0.0000	-1.1041	-14.2383	-104.8865	35.85	-669	-161	-115	0.60382	-0.10410	-0.06793	-0.78735
0x51	 16:43:27.628	0.2495	-0.0190	0.9844	0.0000	0.0000	0.0000	-1.1041	-14.2383	-104.8865	35.85	-669	-161	-115	0.60382	-0.10410	-0.06793	-0.78732
0x51	 16:43:27.634	0.2495	-0.0190	0.9844	0.0000	0.0000	0.0000	-1.1041	-14.2383	-104.8865	35.85	-669	-160	-115	0.60382	-0.10410	-0.06793	-0.78732
0x51	 16:43:27.639	0.2495	-0.0190	0.9844	0.0000	0.0000	0.0000	-1.1041	-14.2383	-104.8865	35.85	-669	-160	-115	0.60382	-0.10410	-0.06793	-0.78732
0x51	 16:43:27.642	0.2490	-0.0195	0.9858	0.0000	0.0000	0.0000	-1.1041	-14.2383	-104.8865	35.83	-669	-160	-115	0.60382	-0.10410	-0.06793	-0.78732
0x51	 16:43:27.648	0.2490	-0.0195	0.9858	0.0000	0.0000	0.0000	-1.1041	-14.2383	-104.8865	35.83	-670	-160	-115	0.60385	-0.10410	-0.06793	-0.78732
0x51	 16:43:27.654	0.2490	-0.0195	0.9858	0.0000	0.0000	0.0000	-1.1041	-14.2383	-104.8865	35.83	-671	-160	-116	0.60385	-0.10410	-0.06793	-0.78732
0x51	 16:43:27.657	0.2490	-0.0195	0.9858	0.0000	0.0000	0.0000	-1.1041	-14.2383	-104.8810	35.83	-671	-161	-115	0.60385	-0.10410	-0.06793	-0.78732
0x51	 16:43:27.663	0.2495	-0.0176	0.9849	0.0000	0.0000	0.0000	-1.1041	-14.2383	-104.8810	35.85	-671	-161	-114	0.60385	-0.10410	-0.06793	-0.78732
0x51	 16:43:27.669	0.2495	-0.0176	0.9849	0.0000	0.0000	0.0000	-1.1041	-14.2383	-104.8810	35.85	-671	-161	-114	0.60385	-0.10410	-0.06793	-0.78729
0x51	 16:43:27.674	0.2495	-0.0176	0.9849	0.0000	0.0000	0.0000	-1.1041	-14.2383	-104.8810	35.85	-671	-161	-113	0.60385	-0.10410	-0.06793	-0.78729
0x51	 16:43:27.677	0.2495	-0.0176	0.9849	0.0000	0.0000	0.0000	-1.1041	-14.2383	-104.8810	35.85	-671	-161	-114	0.60388	-0.10410	-0.06793	-0.78729
0x51	 16:43:27.683	0.2495	-0.0176	0.9849	0.0000	0.0000	0.0000	-1.1041	-14.2383	-104.8810	35.85	-670	-161	-114	0.60388	-0.10410	-0.06796	-0.78729
0x51	 16:43:27.689	0.2505	-0.0186	0.9834	0.0000	0.0000	0.0000	-1.1041	-14.2383	-104.8810	35.85	-670	-161	-114	0.60388	-0.10410	-0.06796	-0.78729
0x51	 16:43:27.692	0.2505	-0.0186	0.9834	0.0000	0.0000	0.0000	-1.1041	-14.2383	-104.8810	35.85	-670	-161	-114	0.60388	-0.10410	-0.06796	-0.78729
0x51	 16:43:27.697	0.2505	-0.0186	0.9834	0.0000	0.0000	0.0000	-1.1041	-14.2383	-104.8810	35.85	-670	-161	-114	0.60388	-0.10410	-0.06796	-0.78729
0x51	 16:43:27.703	0.2505	-0.0186	0.9834	0.0000	0.0000	0.0000	-1.1041	-14.2383	-104.8755	35.85	-670	-161	-114	0.60388	-0.10410	-0.06796	-0.78729
0x51	 16:43:27.709	0.2515	-0.0181	0.9834	0.0000	0.0000	0.0000	-1.1041	-14.2383	-104.8755	35.85	-670	-162	-113	0.60388	-0.10410	-0.06796	-0.78729
0x51	 16:43:27.712	0.2515	-0.0181	0.9834	0.0000	0.0000	0.0000	-1.1041	-14.2383	-104.8755	35.85	-671	-162	-112	0.60388	-0.10410	-0.06796	-0.78729
0x51	 16:43:27.718	0.2515	-0.0181	0.9834	0.0000	0.0000	0.0000	-1.1041	-14.2383	-104.8755	35.85	-670	-162	-112	0.60391	-0.10410	-0.06796	-0.78726
0x51	 16:43:27.724	0.2515	-0.0181	0.9834	0.0000	0.0000	0.0000	-1.1041	-14.2383	-104.8755	35.85	-670	-162	-112	0.60391	-0.10410	-0.06796	-0.78726
0x51	 16:43:27.726	0.2500	-0.0195	0.9844	0.0000	0.0000	0.0000	-1.1041	-14.2383	-104.8755	35.82	-669	-162	-112	0.60391	-0.10410	-0.06796	-0.78726
0x51	 16:43:27.732	0.2500	-0.0195	0.9844	0.0000	0.0000	0.0000	-1.1041	-14.2383	-104.8755	35.82	-668	-162	-112	0.60391	-0.10410	-0.06796	-0.78726
0x51	 16:43:27.738	0.2500	-0.0195	0.9844	0.0000	0.0000	0.0000	-1.1041	-14.2383	-104.8755	35.82	-668	-162	-112	0.60391	-0.10410	-0.06796	-0.78726
0x51	 16:43:27.745	0.2500	-0.0195	0.9844	0.0000	0.0000	0.0000	-1.1041	-14.2383	-104.8755	35.82	-668	-162	-113	0.60391	-0.10410	-0.06796	-0.78726
0x51	 16:43:27.786	0.2490	-0.0200	0.9863	0.0000	0.0000	0.0000	-1.1041	-14.2383	-104.8755	35.86	-669	-162	-113	0.60391	-0.10410	-0.06796	-0.78726
0x51	 16:43:27.786	0.2490	-0.0200	0.9863	0.0000	0.0000	0.0000	-1.1041	-14.2383	-104.8755	35.86	-669	-161	-113	0.60391	-0.10410	-0.06796	-0.78726
0x51	 16:43:27.786	0.2490	-0.0200	0.9863	0.0000	0.0000	0.0000	-1.1041	-14.2383	-104.8755	35.86	-669	-161	-112	0.60391	-0.10410	-0.06796	-0.78726
0x51	 16:43:27.786	0.2490	-0.0200	0.9863	0.0000	0.0000	0.0000	-1.1041	-14.2383	-104.8755	35.86	-669	-161	-111	0.60391	-0.10410	-0.06796	-0.78726
0x51	 16:43:27.786	0.2490	-0.0195	0.9854	0.0000	0.0000	0.0000	-1.1041	-14.2383	-104.8755	35.88	-670	-161	-111	0.60391	-0.10410	-0.06796	-0.78726
0x51	 16:43:27.786	0.2490	-0.0195	0.9854	0.0000	0.0000	0.0000	-1.1041	-14.2383	-104.8700	35.88	-670	-161	-111	0.60391	-0.10410	-0.06796	-0.78726
0x51	 16:43:27.786	0.2490	-0.0195	0.9854	0.0000	0.0000	0.0000	-1.1041	-14.2383	-104.8700	35.88	-670	-162	-111	0.60394	-0.10410	-0.06796	-0.78726
0x51	 16:43:27.786	0.2490	-0.0195	0.9854	0.0000	0.0000	0.0000	-1.1041	-14.2383	-104.8700	35.88	-670	-162	-112	0.60394	-0.10410	-0.06796	-0.78726
0x51	 16:43:27.787	0.2500	-0.0195	0.9844	0.0000	0.0000	0.0000	-1.1041	-14.2383	-104.8700	35.83	-669	-163	-112	0.60394	-0.10410	-0.06796	-0.78726
0x51	 16:43:27.793	0.2500	-0.0195	0.9844	0.0000	0.0000	0.0000	-1.1041	-14.2383	-104.8700	35.83	-669	-163	-112	0.60394	-0.10410	-0.06796	-0.78726
0x51	 16:43:27.799	0.2500	-0.0195	0.9844	0.0000	0.0000	0.0000	-1.1041	-14.2383	-104.8700	35.83	-669	-164	-113	0.60394	-0.10410	-0.06796	-0.78726
0x51	 16:43:27.803	0.2500	-0.0195	0.9844	0.0000	0.0000	0.0000	-1.1041	-14.2383	-104.8700	35.83	-669	-164	-113	0.60394	-0.10410	-0.06796	-0.78726
0x51	 16:43:27.808	0.2505	-0.0190	0.9839	0.0000	0.0000	0.0000	-1.1041	-14.2383	-104.8755	35.86	-670	-164	-114	0.60394	-0.10410	-0.06796	-0.78726
0x51	 16:43:27.813	0.2505	-0.0190	0.9839	0.0000	0.0000	0.0000	-1.1041	-14.2383	-104.8755	35.86	-670	-163	-114	0.60394	-0.10410	-0.06796	-0.78726
0x51	 16:43:27.816	0.2505	-0.0190	0.9839	0.0000	0.0000	0.0000	-1.1041	-14.2383	-104.8755	35.86	-670	-163	-113	0.60394	-0.10410	-0.06796	-0.78726
0x51	 16:43:27.822	0.2505	-0.0190	0.9839	0.0000	0.0000	0.0000	-1.1041	-14.2383	-104.8755	35.86	-669	-163	-113	0.60394	-0.10410	-0.06796	-0.78726
0x51	 16:43:27.828	0.2510	-0.0190	0.9844	0.0000	0.0000	0.0000	-1.1041	-14.2383	-104.8700	35.83	-668	-162	-112	0.60394	-0.10410	-0.06796	-0.78726
0x51	 16:43:27.834	0.2510	-0.0190	0.9844	0.0000	0.0000	0.0000	-1.1041	-14.2383	-104.8700	35.83	-668	-163	-113	0.60394	-0.10410	-0.06796	-0.78726
0x51	 16:43:27.841	0.2510	-0.0190	0.9844	0.0000	0.0000	0.0000	-1.1041	-14.2383	-104.8755	35.83	-668	-163	-114	0.60394	-0.10410	-0.06796	-0.78726
0x51	 16:43:27.843	0.2510	-0.0190	0.9844	0.0000	0.0000	0.0000	-1.1041	-14.2383	-104.8755	35.83	-668	-164	-113	0.60391	-0.10410	-0.06796	-0.78726
0x51	 16:43:27.848	0.2495	-0.0176	0.9849	0.0000	0.0000	0.0000	-1.1041	-14.2383	-104.8755	35.86	-668	-165	-113	0.60391	-0.10410	-0.06796	-0.78726
0x51	 16:43:27.851	0.2495	-0.0176	0.9849	0.0000	0.0000	0.0000	-1.1041	-14.2383	-104.8755	35.86	-668	-164	-113	0.60391	-0.10410	-0.06796	-0.78726
0x51	 16:43:27.857	0.2495	-0.0176	0.9849	0.0000	0.0000	0.0000	-1.1041	-14.2383	-104.8755	35.86	-669	-164	-113	0.60391	-0.10410	-0.06796	-0.78726
0x51	 16:43:27.863	0.2495	-0.0176	0.9849	0.0000	0.0000	0.0000	-1.1041	-14.2383	-104.8755	35.86	-669	-164	-114	0.60391	-0.10410	-0.06796	-0.78726
0x51	 16:43:27.868	0.2500	-0.0181	0.9844	0.0000	0.0000	0.0000	-1.1041	-14.2383	-104.8755	35.86	-669	-163	-114	0.60391	-0.10410	-0.06796	-0.78726
0x51	 16:43:27.871	0.2500	-0.0181	0.9844	0.0000	0.0000	0.0000	-1.1041	-14.2383	-104.8755	35.86	-669	-163	-114	0.60391	-0.10410	-0.06796	-0.78726
0x51	 16:43:27.877	0.2500	-0.0181	0.9844	0.0000	0.0000	0.0000	-1.1041	-14.2383	-104.8755	35.86	-669	-162	-114	0.60391	-0.10410	-0.06796	-0.78726
0x51	 16:43:27.883	0.2500	-0.0181	0.9844	0.0000	0.0000	0.0000	-1.1041	-14.2383	-104.8755	35.86	-668	-163	-114	0.60391	-0.10410	-0.06796	-0.78726
0x51	 16:43:27.886	0.2505	-0.0181	0.9834	0.0000	0.0000	0.0000	-1.1041	-14.2383	-104.8755	35.85	-668	-164	-114	0.60391	-0.10410	-0.06796	-0.78726
0x51	 16:43:27.892	0.2505	-0.0181	0.9834	0.0000	0.0000	0.0000	-1.1041	-14.2383	-104.8755	35.85	-667	-164	-114	0.60391	-0.10410	-0.06796	-0.78726
0x51	 16:43:27.897	0.2505	-0.0181	0.9834	0.0000	0.0000	0.0000	-1.1041	-14.2383	-104.8755	35.85	-667	-163	-114	0.60391	-0.10410	-0.06796	-0.78726
0x51	 16:43:27.903	0.2505	-0.0181	0.9834	0.0000	0.0000	0.0000	-1.1041	-14.2383	-104.8755	35.85	-668	-164	-114	0.60391	-0.10410	-0.06796	-0.78726
0x51	 16:43:27.906	0.2510	-0.0190	0.9834	0.0000	0.0000	0.0000	-1.1041	-14.2383	-104.8755	35.87	-669	-164	-114	0.60391	-0.10410	-0.06796	-0.78726
0x51	 16:43:27.912	0.2510	-0.0190	0.9834	0.0000	0.0000	0.0000	-1.1041	-14.2383	-104.8755	35.87	-668	-164	-114	0.60391	-0.10410	-0.06796	-0.78726
0x51	 16:43:27.918	0.2510	-0.0190	0.9834	0.0000	0.0000	0.0000	-1.1041	-14.2383	-104.8755	35.87	-668	-163	-114	0.60391	-0.10410	-0.06796	-0.78726
0x51	 16:43:27.921	0.2510	-0.0190	0.9834	0.0000	0.0000	0.0000	-1.1041	-14.2383	-104.8755	35.87	-668	-163	-113	0.60391	-0.10410	-0.06796	-0.78726
0x51	 16:43:27.926	0.2500	-0.0195	0.9858	0.0000	0.0000	0.0000	-1.1041	-14.2383	-104.8755	35.82	-668	-163	-113	0.60391	-0.10410	-0.06796	-0.78726
0x51	 16:43:27.932	0.2500	-0.0195	0.9858	0.0000	0.0000	0.0000	-1.1041	-14.2383	-104.8755	35.82	-668	-163	-113	0.60391	-0.10410	-0.06796	-0.78726
0x51	 16:43:27.938	0.2500	-0.0195	0.9858	0.0000	0.0000	0.0000	-1.1041	-14.2383	-104.8755	35.82	-668	-163	-113	0.60391	-0.10410	-0.06796	-0.78726
0x51	 16:43:27.941	0.2500	-0.0195	0.9858	0.0000	0.0000	0.0000	-1.1041	-14.2383	-104.8755	35.82	-669	-163	-113	0.60391	-0.10410	-0.06796	-0.78726
0x51	 16:43:27.947	0.2490	-0.0200	0.9854	0.0000	0.0000	0.0000	-1.1041	-14.2383	-104.8755	35.82	-670	-163	-112	0.60391	-0.10410	-0.06796	-0.78726
0x51	 16:43:27.953	0.2490	-0.0200	0.9854	0.0000	0.0000	0.0000	-1.1041	-14.2383	-104.8755	35.82	-669	-162	-112	0.60391	-0.10410	-0.06796	-0.78726
0x51	 16:43:27.958	0.2490	-0.0200	0.9854	0.0000	0.0000	0.0000	-1.1041	-14.2383	-104.8755	35.82	-668	-161	-111	0.60391	-0.10410	-0.06796	-0.78726
0x51	 16:43:27.961	0.2490	-0.0200	0.9854	0.0000	0.0000	0.0000	-1.1041	-14.2383	-104.8755	35.82	-668	-162	-112	0.60391	-0.10410	-0.06796	-0.78726
0x51	 16:43:27.967	0.2485	-0.0195	0.9854	0.0000	0.0000	0.0000	-1.1041	-14.2383	-104.8755	35.84	-669	-163	-112	0.60391	-0.10410	-0.06796	-0.78726
0x51	 16:43:27.973	0.2485	-0.0195	0.9854	0.0000	0.0000	0.0000	-1.1041	-14.2383	-104.8755	35.84	-669	-163	-112	0.60391	-0.10410	-0.06796	-0.78726
0x51	 16:43:27.976	0.2485	-0.0195	0.9854	0.0000	0.0000	0.0000	-1.1041	-14.2383	-104.8755	35.84	-669	-163	-111	0.60391	-0.10410	-0.06796	-0.78726
0x51	 16:43:27.982	0.2485	-0.0195	0.9854	0.0000	0.0000	0.0000	-1.1041	-14.2383	-104.8755	35.84	-669	-164	-111	0.60391	-0.10410	-0.06796	-0.78726
0x51	 16:43:27.987	0.2510	-0.0205	0.9839	0.0000	0.0000	0.0000	-1.1041	-14.2383	-104.8755	35.85	-669	-164	-110	0.60391	-0.10410	-0.06796	-0.78726
0x51	 16:43:27.993	0.2510	-0.0205	0.9839	0.0000	0.0000	0.0000	-1.1041	-14.2383	-104.8755	35.85	-669	-164	-110	0.60391	-0.10410	-0.06796	-0.78726
0x51	 16:43:28.023	0.2510	-0.0205	0.9839	0.0000	0.0000	0.0000	-1.1041	-14.2383	-104.8755	35.85	-669	-164	-109	0.60391	-0.10410	-0.06796	-0.78726
0x51	 16:43:28.023	0.2510	-0.0205	0.9839	0.0000	0.0000	0.0000	-1.1041	-14.2383	-104.8755	35.85	-668	-164	-109	0.60391	-0.10410	-0.06796	-0.78726
0x51	 16:43:28.023	0.2515	-0.0186	0.9839	0.0000	0.0000	0.0000	-1.1041	-14.2383	-104.8755	35.87	-668	-164	-109	0.60391	-0.10410	-0.06796	-0.78729
0x51	 16:43:28.023	0.2515	-0.0186	0.9839	0.0000	0.0000	0.0000	-1.1041	-14.2383	-104.8755	35.87	-668	-164	-109	0.60388	-0.10410	-0.06796	-0.78729
0x51	 16:43:28.023	0.2515	-0.0186	0.9839	0.0000	0.0000	0.0000	-1.1041	-14.2383	-104.8755	35.87	-668	-164	-110	0.60388	-0.10410	-0.06796	-0.78729
0x51	 16:43:28.023	0.2515	-0.0186	0.9839	0.0000	0.0000	0.0000	-1.1041	-14.2383	-104.8755	35.87	-669	-164	-110	0.60388	-0.10410	-0.06796	-0.78729
0x51	 16:43:28.028	0.2505	-0.0181	0.9839	0.0000	0.0000	0.0000	-1.1041	-14.2383	-104.8810	35.85	-669	-164	-110	0.60388	-0.10410	-0.06796	-0.78729
0x51	 16:43:28.031	0.2505	-0.0181	0.9839	0.0000	0.0000	0.0000	-1.1041	-14.2438	-104.8810	35.85	-669	-164	-110	0.60388	-0.10410	-0.06796	-0.78729
0x51	 16:43:28.037	0.2505	-0.0181	0.9839	0.0000	0.0000	0.0000	-1.1041	-14.2438	-104.8810	35.85	-668	-164	-111	0.60388	-0.10410	-0.06796	-0.78729
0x51	 16:43:28.042	0.2505	-0.0181	0.9839	0.0000	0.0000	0.0000	-1.1041	-14.2438	-104.8810	35.85	-668	-164	-111	0.60388	-0.10410	-0.06796	-0.78729
0x51	 16:43:28.045	0.2500	-0.0186	0.9849	0.0000	0.0000	0.0000	-1.1041	-14.2438	-104.8810	35.85	-668	-164	-110	0.60388	-0.10410	-0.06796	-0.78729
0x51	 16:43:28.055	0.2500	-0.0186	0.9849	0.0000	0.0000	0.0000	-1.1041	-14.2438	-104.8810	35.85	-668	-164	-110	0.60388	-0.10410	-0.06796	-0.78729
0x51	 16:43:28.057	0.2500	-0.0186	0.9849	0.0000	0.0000	0.0000	-1.1041	-14.2438	-104.8810	35.85	-669	-163	-110	0.60388	-0.10410	-0.06796	-0.78729
0x51	 16:43:28.063	0.2500	-0.0186	0.9849	0.0000	0.0000	0.0000	-1.1041	-14.2438	-104.8810	35.85	-670	-162	-111	0.60388	-0.10410	-0.06796	-0.78729
0x51	 16:43:28.065	0.2500	-0.0186	0.9854	0.0000	0.0000	0.0000	-1.1041	-14.2438	-104.8810	35.80	-671	-163	-110	0.60388	-0.10410	-0.06796	-0.78729
0x51	 16:43:28.071	0.2500	-0.0186	0.9854	0.0000	0.0000	0.0000	-1.1041	-14.2438	-104.8810	35.80	-672	-163	-110	0.60388	-0.10410	-0.06796	-0.78729
0x51	 16:43:28.077	0.2500	-0.0186	0.9854	0.0000	0.0000	0.0000	-1.1041	-14.2438	-104.8810	35.80	-671	-164	-110	0.60388	-0.10410	-0.06796	-0.78729
0x51	 16:43:28.080	0.2500	-0.0186	0.9854	0.0000	0.0000	0.0000	-1.1041	-14.2438	-104.8810	35.80	-670	-164	-111	0.60388	-0.10410	-0.06796	-0.78729
0x51	 16:43:28.086	0.2505	-0.0200	0.9839	0.0000	0.0000	0.0000	-1.1041	-14.2438	-104.8810	35.86	-670	-163	-111	0.60388	-0.10410	-0.06796	-0.78729
0x51	 16:43:28.092	0.2505	-0.0200	0.9839	0.0000	0.0000	0.0000	-1.1041	-14.2438	-104.8810	35.86	-670	-163	-111	0.60388	-0.10410	-0.06796	-0.78729
0x51	 16:43:28.097	0.2505	-0.0200	0.9839	0.0000	0.0000	0.0000	-1.1041	-14.2438	-104.8810	35.86	-670	-163	-111	0.60388	-0.10410	-0.06796	-0.78729
0x51	 16:43:28.100	0.2505	-0.0200	0.9839	0.0000	0.0000	0.0000	-1.1041	-14.2438	-104.8810	35.86	-671	-163	-111	0.60388	-0.10410	-0.06796	-0.78729
0x51	 16:43:28.106	0.2500	-0.0195	0.9849	0.0000	0.0000	0.0000	-1.1041	-14.2438	-104.8755	35.85	-671	-162	-110	0.60388	-0.10410	-0.06796	-0.78729
0x51	 16:43:28.112	0.2500	-0.0195	0.9849	0.0000	0.0000	0.0000	-1.1041	-14.2438	-104.8755	35.85	-672	-162	-109	0.60388	-0.10410	-0.06796	-0.78729
0x51	 16:43:28.118	0.2500	-0.0195	0.9849	0.0000	0.0000	0.0000	-1.1041	-14.2438	-104.8755	35.85	-671	-161	-109	0.60388	-0.10410	-0.06796	-0.78729
0x51	 16:43:28.121	0.2500	-0.0195	0.9849	0.0000	0.0000	0.0000	-1.1041	-14.2438	-104.8755	35.85	-670	-161	-109	0.60391	-0.10410	-0.06796	-0.78726
0x51	 16:43:28.126	0.2500	-0.0200	0.9854	0.0000	0.0000	0.0000	-1.1041	-14.2438	-104.8755	35.83	-669	-161	-109	0.60391	-0.10410	-0.06796	-0.78726
0x51	 16:43:28.132	0.2500	-0.0200	0.9854	0.0000	0.0000	0.0000	-1.1041	-14.2438	-104.8755	35.83	-668	-161	-109	0.60391	-0.10410	-0.06796	-0.78726
0x51	 16:43:28.135	0.2500	-0.0200	0.9854	0.0000	0.0000	0.0000	-1.1041	-14.2438	-104.8755	35.83	-668	-161	-110	0.60391	-0.10410	-0.06796	-0.78726
0x51	 16:43:28.141	0.2500	-0.0200	0.9854	0.0000	0.0000	0.0000	-1.1041	-14.2438	-104.8755	35.83	-667	-162	-110	0.60391	-0.10410	-0.06796	-0.78726
0x51	 16:43:28.147	0.2495	-0.0195	0.9849	0.0000	0.0000	0.0000	-1.1041	-14.2438	-104.8755	35.82	-667	-162	-110	0.60391	-0.10410	-0.06796	-0.78726
0x51	 16:43:28.153	0.2495	-0.0195	0.9849	0.0000	0.0000	0.0000	-1.1041	-14.2438	-104.8755	35.82	-667	-162	-110	0.60391	-0.10410	-0.06796	-0.78726
0x51	 16:43:28.155	0.2495	-0.0195	0.9849	0.0000	0.0000	0.0000	-1.1041	-14.2438	-104.8755	35.82	-668	-162	-110	0.60391	-0.10410	-0.06796	-0.78726
0x51	 16:43:28.161	0.2495	-0.0195	0.9849	0.0000	0.0000	0.0000	-1.1041	-14.2438	-104.8755	35.82	-668	-162	-111	0.60391	-0.10410	-0.06796	-0.78726
0x51	 16:43:28.167	0.2505	-0.0186	0.9849	0.0000	0.0000	0.0000	-1.1041	-14.2438	-104.8755	35.82	-668	-162	-112	0.60391	-0.10410	-0.06796	-0.78726
0x51	 16:43:28.179	0.2505	-0.0186	0.9849	0.0000	0.0000	0.0000	-1.1041	-14.2438	-104.8755	35.82	-668	-161	-112	0.60391	-0.10410	-0.06796	-0.78726
0x51	 16:43:28.179	0.2505	-0.0186	0.9849	0.0000	0.0000	0.0000	-1.1041	-14.2438	-104.8700	35.82	-669	-161	-112	0.60391	-0.10410	-0.06796	-0.78726
0x51	 16:43:28.206	0.2505	-0.0186	0.9849	0.0000	0.0000	0.0000	-1.1041	-14.2438	-104.8700	35.82	-668	-162	-111	0.60394	-0.10410	-0.06796	-0.78726
0x51	 16:43:28.207	0.2500	-0.0190	0.9839	0.0000	0.0000	0.0000	-1.1041	-14.2438	-104.8700	35.85	-668	-163	-111	0.60394	-0.10410	-0.06796	-0.78726
0x51	 16:43:28.207	0.2500	-0.0190	0.9839	0.0000	0.0000	0.0000	-1.1041	-14.2438	-104.8700	35.85	-668	-162	-111	0.60394	-0.10410	-0.06796	-0.78726
0x51	 16:43:28.207	0.2500	-0.0190	0.9839	0.0000	0.0000	0.0000	-1.1041	-14.2438	-104.8700	35.85	-668	-162	-111	0.60394	-0.10410	-0.06796	-0.78726
0x51	 16:43:28.207	0.2500	-0.0190	0.9839	0.0000	0.0000	0.0000	-1.1041	-14.2438	-104.8700	35.85	-668	-163	-112	0.60394	-0.10410	-0.06796	-0.78726
0x51	 16:43:28.207	0.2495	-0.0181	0.9834	0.0000	0.0000	0.0000	-1.1041	-14.2438	-104.8700	35.87	-668	-163	-113	0.60394	-0.10410	-0.06796	-0.78726
0x51	 16:43:28.212	0.2495	-0.0181	0.9834	0.0000	0.0000	0.0000	-1.1041	-14.2438	-104.8700	35.87	-667	-163	-113	0.60394	-0.10410	-0.06796	-0.78726
0x51	 16:43:28.216	0.2495	-0.0181	0.9834	0.0000	0.0000	0.0000	-1.1041	-14.2438	-104.8700	35.87	-667	-163	-113	0.60394	-0.10410	-0.06796	-0.78726
0x51	 16:43:28.222	0.2495	-0.0181	0.9834	0.0000	0.0000	0.0000	-1.1041	-14.2438	-104.8700	35.87	-668	-163	-113	0.60394	-0.10410	-0.06796	-0.78726
0x51	 16:43:28.225	0.2495	-0.0181	0.9854	0.0000	0.0000	0.0000	-1.1041	-14.2438	-104.8700	35.80	-669	-163	-112	0.60394	-0.10410	-0.06796	-0.78726
0x51	 16:43:28.231	0.2495	-0.0181	0.9854	0.0000	0.0000	0.0000	-1.1041	-14.2438	-104.8700	35.80	-668	-163	-112	0.60394	-0.10410	-0.06796	-0.78726
0x51	 16:43:28.237	0.2495	-0.0181	0.9854	0.0000	0.0000	0.0000	-1.1041	-14.2383	-104.8700	35.80	-668	-163	-113	0.60394	-0.10410	-0.06796	-0.78726
0x51	 16:43:28.239	0.2495	-0.0181	0.9854	0.0000	0.0000	0.0000	-1.1041	-14.2383	-104.8700	35.80	-668	-163	-112	0.60394	-0.10410	-0.06796	-0.78726
0x51	 16:43:28.245	0.2495	-0.0190	0.9839	0.0000	0.0000	0.0000	-1.1041	-14.2383	-104.8700	35.84	-668	-162	-112	0.60394	-0.10410	-0.06796	-0.78726
0x51	 16:43:28.251	0.2495	-0.0190	0.9839	0.0000	0.0000	0.0000	-1.1041	-14.2383	-104.8700	35.84	-668	-162	-112	0.60394	-0.10410	-0.06796	-0.78726
0x51	 16:43:28.257	0.2495	-0.0190	0.9839	0.0000	0.0000	0.0000	-1.1041	-14.2383	-104.8700	35.84	-668	-162	-111	0.60394	-0.10410	-0.06796	-0.78726
0x51	 16:43:28.260	0.2495	-0.0190	0.9839	0.0000	0.0000	0.0000	-1.1041	-14.2383	-104.8700	35.84	-668	-162	-112	0.60394	-0.10410	-0.06796	-0.78726
0x51	 16:43:28.266	0.2510	-0.0195	0.9839	0.0000	0.0000	0.0000	-1.1041	-14.2383	-104.8700	35.89	-668	-163	-113	0.60394	-0.10410	-0.06796	-0.78726
0x51	 16:43:28.271	0.2510	-0.0195	0.9839	0.0000	0.0000	0.0000	-1.1041	-14.2438	-104.8700	35.89	-668	-163	-113	0.60394	-0.10410	-0.06796	-0.78726
0x51	 16:43:28.277	0.2510	-0.0195	0.9839	0.0000	0.0000	0.0000	-1.1041	-14.2438	-104.8700	35.89	-669	-164	-112	0.60394	-0.10410	-0.06796	-0.78726
0x51	 16:43:28.280	0.2510	-0.0195	0.9839	0.0000	0.0000	0.0000	-1.1041	-14.2438	-104.8700	35.89	-668	-164	-113	0.60394	-0.10410	-0.06796	-0.78726
0x51	 16:43:28.286	0.2495	-0.0195	0.9844	0.0000	0.0000	0.0000	-1.1041	-14.2438	-104.8755	35.82	-668	-164	-113	0.60394	-0.10410	-0.06796	-0.78726
0x51	 16:43:28.292	0.2495	-0.0195	0.9844	0.0000	0.0000	0.0000	-1.1041	-14.2438	-104.8755	35.82	-668	-164	-113	0.60391	-0.10410	-0.06796	-0.78726
0x51	 16:43:28.294	0.2495	-0.0195	0.9844	0.0000	0.0000	0.0000	-1.1041	-14.2438	-104.8755	35.82	-668	-163	-113	0.60391	-0.10410	-0.06796	-0.78726
0x51	 16:43:28.300	0.2495	-0.0195	0.9844	0.0000	0.0000	0.0000	-1.1041	-14.2438	-104.8755	35.82	-668	-163	-113	0.60391	-0.10410	-0.06796	-0.78726
0x51	 16:43:28.306	0.2490	-0.0200	0.9849	0.0000	0.0000	0.0000	-1.1041	-14.2383	-104.8755	35.82	-668	-163	-113	0.60391	-0.10410	-0.06796	-0.78726
0x51	 16:43:28.312	0.2490	-0.0200	0.9849	0.0000	0.0000	0.0000	-1.1041	-14.2383	-104.8755	35.82	-669	-163	-113	0.60391	-0.10410	-0.06796	-0.78726
0x51	 16:43:28.315	0.2490	-0.0200	0.9849	0.0000	0.0000	0.0000	-1.1041	-14.2383	-104.8755	35.82	-669	-163	-114	0.60391	-0.10410	-0.06796	-0.78726
0x51	 16:43:28.321	0.2490	-0.0200	0.9849	0.0000	0.0000	0.0000	-1.1041	-14.2383	-104.8755	35.82	-669	-163	-114	0.60391	-0.10410	-0.06796	-0.78726
0x51	 16:43:28.326	0.2495	-0.0186	0.9844	0.0000	0.0000	0.0000	-1.1041	-14.2383	-104.8755	35.88	-670	-162	-114	0.60391	-0.10410	-0.06796	-0.78726
0x51	 16:43:28.329	0.2495	-0.0186	0.9844	0.0000	0.0000	0.0000	-1.1041	-14.2383	-104.8755	35.88	-670	-161	-114	0.60391	-0.10410	-0.06796	-0.78726
0x51	 16:43:28.335	0.2495	-0.0186	0.9844	0.0000	0.0000	0.0000	-1.1041	-14.2383	-104.8700	35.88	-669	-161	-114	0.60391	-0.10410	-0.06796	-0.78726
0x51	 16:43:28.341	0.2495	-0.0186	0.9844	0.0000	0.0000	0.0000	-1.1041	-14.2383	-104.8700	35.88	-668	-160	-114	0.60394	-0.10410	-0.06796	-0.78726
0x51	 16:43:28.347	0.2510	-0.0190	0.9839	0.0000	0.0000	0.0000	-1.1041	-14.2383	-104.8700	35.88	-668	-161	-114	0.60394	-0.10410	-0.06796	-0.78726
0x51	 16:43:28.349	0.2510	-0.0190	0.9839	0.0000	0.0000	0.0000	-1.1041	-14.2383	-104.8700	35.88	-668	-162	-114	0.60394	-0.10410	-0.06796	-0.78726
0x51	 16:43:28.361	0.2510	-0.0190	0.9839	0.0000	0.0000	0.0000	-1.1041	-14.2383	-104.8700	35.88	-668	-161	-114	0.60394	-0.10410	-0.06796	-0.78723
0x51	 16:43:28.363	0.2510	-0.0190	0.9839	0.0000	0.0000	0.0000	-1.1041	-14.2383	-104.8700	35.88	-668	-161	-115	0.60394	-0.10410	-0.06796	-0.78723
0x51	 16:43:28.379	0.2510	-0.0186	0.9839	0.0000	0.0000	0.0000	-1.1041	-14.2438	-104.8700	35.83	-668	-161	-115	0.60394	-0.10410	-0.06796	-0.78723
0x51	 16:43:28.379	0.2510	-0.0186	0.9839	0.0000	0.0000	0.0000	-1.1041	-14.2438	-104.8700	35.83	-667	-161	-115	0.60394	-0.10410	-0.06796	-0.78723
0x51	 16:43:28.379	0.2510	-0.0186	0.9839	0.0000	0.0000	0.0000	-1.1041	-14.2438	-104.8700	35.83	-668	-161	-114	0.60394	-0.10410	-0.06796	-0.78723
0x51	 16:43:28.395	0.2510	-0.0186	0.9839	0.0000	0.0000	0.0000	-1.1041	-14.2438	-104.8700	35.83	-668	-161	-114	0.60394	-0.10410	-0.06796	-0.78723
0x51	 16:43:28.395	0.2505	-0.0186	0.9849	0.0000	0.0000	0.0000	-1.1041	-14.2438	-104.8700	35.84	-669	-161	-114	0.60394	-0.10410	-0.06796	-0.78723
0x51	 16:43:28.395	0.2505	-0.0186	0.9849	0.0000	0.0000	0.0000	-1.1041	-14.2438	-104.8700	35.84	-669	-161	-114	0.60394	-0.10410	-0.06796	-0.78723
0x51	 16:43:28.411	0.2505	-0.0186	0.9849	0.0000	0.0000	0.0000	-1.1041	-14.2438	-104.8700	35.84	-669	-161	-114	0.60397	-0.10410	-0.06796	-0.78723
0x51	 16:43:28.411	0.2505	-0.0186	0.9849	0.0000	0.0000	0.0000	-1.1041	-14.2438	-104.8700	35.84	-669	-162	-114	0.60397	-0.10410	-0.06796	-0.78723
0x51	 16:43:28.411	0.2490	-0.0195	0.9849	0.0000	0.0000	0.0000	-1.1041	-14.2438	-104.8645	35.85	-669	-162	-113	0.60397	-0.10410	-0.06799	-0.78723
0x51	 16:43:28.411	0.2490	-0.0195	0.9849	0.0000	0.0000	0.0000	-1.1041	-14.2438	-104.8645	35.85	-670	-162	-113	0.60397	-0.10410	-0.06796	-0.78723
0x51	 16:43:28.453	0.2490	-0.0195	0.9849	0.0000	0.0000	0.0000	-1.1041	-14.2438	-104.8645	35.85	-670	-162	-113	0.60397	-0.10410	-0.06796	-0.78723
0x51	 16:43:28.453	0.2490	-0.0195	0.9849	0.0000	0.0000	0.0000	-1.1041	-14.2438	-104.8645	35.85	-670	-161	-114	0.60397	-0.10410	-0.06796	-0.78723
0x51	 16:43:28.453	0.2495	-0.0186	0.9849	0.0000	0.0000	0.0000	-1.1041	-14.2438	-104.8645	35.88	-670	-161	-113	0.60397	-0.10410	-0.06796	-0.78723
0x51	 16:43:28.453	0.2495	-0.0186	0.9849	0.0000	0.0000	0.0000	-1.1041	-14.2438	-104.8645	35.88	-670	-161	-113	0.60397	-0.10410	-0.06796	-0.78720
0x51	 16:43:28.453	0.2495	-0.0186	0.9849	0.0000	0.0000	0.0000	-1.1041	-14.2438	-104.8645	35.88	-669	-161	-113	0.60397	-0.10410	-0.06796	-0.78720
0x51	 16:43:28.453	0.2495	-0.0186	0.9849	0.0000	0.0000	0.0000	-1.1041	-14.2383	-104.8645	35.88	-669	-161	-114	0.60397	-0.10410	-0.06796	-0.78720
0x51	 16:43:28.453	0.2505	-0.0186	0.9844	0.0000	0.0000	0.0000	-1.1041	-14.2438	-104.8645	35.86	-669	-162	-114	0.60397	-0.10410	-0.06796	-0.78720
0x51	 16:43:28.453	0.2505	-0.0186	0.9844	0.0000	0.0000	0.0000	-1.1041	-14.2438	-104.8645	35.86	-668	-162	-115	0.60397	-0.10410	-0.06796	-0.78720
0x51	 16:43:28.453	0.2505	-0.0186	0.9844	0.0000	0.0000	0.0000	-1.1041	-14.2438	-104.8645	35.86	-668	-161	-114	0.60400	-0.10410	-0.06796	-0.78720
