StartTime: 2021-06-15 16:03:36.973
address	Time(s)	ax(g)	ay(g)	az(g)	wx(deg/s)	wy(deg/s)	wz(deg/s)	AngleX(deg)	AngleY(deg)	AngleZ(deg)	T(°)	hx	hy	hz
0x50	 16:03:36.973	0.9766	0.1226	1.9844	0.0000	0.0000	0.0000	3.5376	-26.1639	0.0989	31.01	-55	-570	643
0x50	 16:03:37.066	0.9780	0.1235	1.9849	0.0000	0.0000	0.0000	3.5376	-26.1639	0.0989	31.02	-55	-571	644
0x50	 16:03:37.166	0.9766	0.1230	1.9849	0.0000	0.0000	0.0000	3.5376	-26.1639	0.0989	31.04	-55	-571	642
0x50	 16:03:37.266	0.9766	0.1235	1.9849	0.0000	0.0000	0.0000	3.5376	-26.1639	0.0989	31.04	-56	-571	644
0x50	 16:03:37.384	0.9771	0.1226	1.9844	0.0000	0.0000	0.0000	3.5376	-26.1584	0.0989	31.01	-56	-571	644
0x50	 16:03:37.467	0.9771	0.1230	1.9844	0.0000	0.0000	0.0000	3.5376	-26.1639	0.0989	31.00	-56	-570	644
0x50	 16:03:37.566	0.9761	0.1226	1.9844	0.0000	0.0000	0.0000	3.5376	-26.1639	0.0989	31.04	-56	-571	643
0x50	 16:03:37.666	0.9775	0.1221	1.9839	0.0000	0.0000	0.0000	3.5321	-26.1584	0.0989	31.04	-57	-571	644
0x50	 16:03:37.765	0.9771	0.1230	1.9844	0.0000	0.0000	0.0000	3.5376	-26.1584	0.0989	31.04	-55	-571	644
0x50	 16:03:37.865	0.9761	0.1230	1.9844	0.0000	0.0000	0.0000	3.5376	-26.1639	0.0989	31.04	-56	-571	646
0x50	 16:03:37.977	0.9771	0.1221	1.9849	0.0000	0.0000	0.0000	3.5376	-26.1639	0.0989	31.01	-56	-571	645
0x50	 16:03:38.065	0.9771	0.1226	1.9844	0.0000	0.0000	0.0000	3.5376	-26.1584	0.0989	31.04	-54	-572	644
0x50	 16:03:38.165	0.9761	0.1230	1.9844	0.0000	0.0000	0.0000	3.5376	-26.1639	0.0989	31.04	-55	-571	642
0x50	 16:03:38.265	0.9771	0.1226	1.9854	0.0000	0.0000	0.0000	3.5376	-26.1639	0.0989	31.08	-55	-571	643
0x50	 16:03:38.364	0.9775	0.1226	1.9844	0.0000	0.0000	0.0000	3.5376	-26.1639	0.0989	31.04	-55	-571	642
0x50	 16:03:38.464	0.9771	0.1230	1.9844	0.0000	0.0000	0.0000	3.5376	-26.1639	0.0989	31.02	-55	-571	644
0x50	 16:03:38.563	0.9766	0.1226	1.9844	0.0000	0.0000	0.0000	3.5376	-26.1639	0.0989	31.05	-55	-570	644
0x50	 16:03:38.663	0.9780	0.1226	1.9844	0.0000	0.0000	0.0000	3.5376	-26.1639	0.0989	31.06	-55	-571	643
0x50	 16:03:38.763	0.9761	0.1226	1.9839	0.0000	0.0000	0.0000	3.5376	-26.1639	0.0989	31.05	-55	-572	643
0x50	 16:03:38.863	0.9761	0.1235	1.9854	0.0000	0.0000	0.0000	3.5376	-26.1639	0.0989	31.05	-55	-572	645
0x50	 16:03:38.963	0.9775	0.1226	1.9849	0.0000	0.0000	0.0000	3.5376	-26.1639	0.0989	31.04	-55	-571	646
0x50	 16:03:39.063	0.9771	0.1226	1.9844	0.0000	0.0000	0.0000	3.5376	-26.1639	0.0989	31.06	-56	-572	644
0x50	 16:03:39.163	0.9761	0.1240	1.9839	0.0000	0.0000	0.0000	3.5376	-26.1639	0.0989	31.08	-56	-572	644
0x50	 16:03:39.263	0.9766	0.1226	1.9844	0.0000	0.0000	0.0000	3.5376	-26.1639	0.0989	31.08	-55	-571	643
0x50	 16:03:39.363	0.9839	0.1250	1.9785	0.0000	0.0000	0.0000	3.5376	-26.1584	0.0989	31.05	-55	-570	644
0x50	 16:03:39.463	0.9790	0.1240	1.9775	0.0000	0.0000	0.0000	3.5376	-26.1584	0.0989	31.10	-55	-571	644
0x50	 16:03:39.563	0.9780	0.1265	1.9805	0.0000	0.0000	0.0000	3.5376	-26.1584	0.0989	31.08	-56	-571	645
0x50	 16:03:39.661	0.9795	0.1230	1.9854	0.0000	0.0000	0.0000	3.5376	-26.1584	0.0989	31.08	-56	-569	644
0x50	 16:03:39.761	0.9771	0.1230	1.9849	0.0000	0.0000	0.0000	3.5376	-26.1584	0.0989	31.08	-55	-571	645
0x50	 16:03:39.861	0.9756	0.1245	1.9844	0.0000	0.0000	0.0000	3.5376	-26.1584	0.0989	31.07	-56	-572	645
