StartTime: 2021-06-15 16:43:48.483
address	Time(s)	ax(g)	ay(g)	az(g)	wx(deg/s)	wy(deg/s)	wz(deg/s)	AngleX(deg)	AngleY(deg)	AngleZ(deg)	T(°)	hx	hy	hz	q0	q1	q2	q3
0x51	 16:43:48.483	0.2505	-0.0200	0.9839	0.0000	0.0000	0.0000	-1.1096	-14.2493	-104.8590	35.96	-667	-161	-119	0.60400	-0.10419	-0.06799	-0.78720
0x51	 16:43:48.483	0.2505	-0.0200	0.9839	0.0000	0.0000	0.0000	-1.1096	-14.2493	-104.8590	35.96	-667	-161	-119	0.60400	-0.10419	-0.06799	-0.78720
0x51	 16:43:48.483	0.2505	-0.0200	0.9839	0.0000	0.0000	0.0000	-1.1096	-14.2493	-104.8590	35.96	-667	-161	-120	0.60400	-0.10419	-0.06799	-0.78720
0x51	 16:43:48.486	0.2505	-0.0200	0.9839	0.0000	0.0000	0.0000	-1.1096	-14.2493	-104.8590	35.96	-667	-162	-120	0.60400	-0.10419	-0.06799	-0.78720
0x51	 16:43:48.489	0.2510	-0.0195	0.9834	0.0000	0.0000	0.0000	-1.1096	-14.2493	-104.8590	35.99	-667	-161	-120	0.60400	-0.10419	-0.06799	-0.78720
0x51	 16:43:48.495	0.2510	-0.0195	0.9834	0.0000	0.0000	0.0000	-1.1096	-14.2493	-104.8590	35.99	-667	-160	-120	0.60400	-0.10419	-0.06799	-0.78717
0x51	 16:43:48.501	0.2510	-0.0195	0.9834	0.0000	0.0000	0.0000	-1.1096	-14.2493	-104.8590	35.99	-667	-160	-119	0.60400	-0.10419	-0.06799	-0.78717
0x51	 16:43:48.504	0.2510	-0.0195	0.9834	0.0000	0.0000	0.0000	-1.1096	-14.2493	-104.8590	35.99	-667	-160	-119	0.60400	-0.10419	-0.06799	-0.78717
0x51	 16:43:48.509	0.2505	-0.0190	0.9849	0.0000	0.0000	0.0000	-1.1096	-14.2493	-104.8590	35.96	-667	-161	-119	0.60400	-0.10419	-0.06799	-0.78717
0x51	 16:43:48.515	0.2505	-0.0190	0.9849	0.0000	0.0000	0.0000	-1.1096	-14.2493	-104.8590	35.96	-668	-161	-118	0.60400	-0.10419	-0.06799	-0.78717
0x51	 16:43:48.521	0.2505	-0.0190	0.9849	0.0000	0.0000	0.0000	-1.1096	-14.2493	-104.8590	35.96	-668	-160	-118	0.60400	-0.10419	-0.06799	-0.78717
0x51	 16:43:48.524	0.2505	-0.0190	0.9849	0.0000	0.0000	0.0000	-1.1096	-14.2493	-104.8590	35.96	-669	-160	-117	0.60400	-0.10419	-0.06799	-0.78717
0x51	 16:43:48.530	0.2500	-0.0200	0.9844	0.0000	0.0000	0.0000	-1.1096	-14.2493	-104.8590	35.95	-669	-159	-118	0.60403	-0.10419	-0.06799	-0.78717
0x51	 16:43:48.536	0.2500	-0.0200	0.9844	0.0000	0.0000	0.0000	-1.1096	-14.2493	-104.8590	35.95	-669	-159	-119	0.60403	-0.10419	-0.06799	-0.78717
0x51	 16:43:48.541	0.2500	-0.0200	0.9844	0.0000	0.0000	0.0000	-1.1096	-14.2493	-104.8535	35.95	-669	-160	-119	0.60403	-0.10419	-0.06799	-0.78717
0x51	 16:43:48.544	0.2500	-0.0200	0.9844	0.0000	0.0000	0.0000	-1.1096	-14.2493	-104.8535	35.95	-669	-161	-120	0.60403	-0.10419	-0.06799	-0.78717
0x51	 16:43:48.550	0.2495	-0.0195	0.9858	0.0000	0.0000	0.0000	-1.1096	-14.2493	-104.8535	35.96	-669	-161	-121	0.60403	-0.10419	-0.06799	-0.78717
0x51	 16:43:48.556	0.2495	-0.0195	0.9858	0.0000	0.0000	0.0000	-1.1096	-14.2493	-104.8535	35.96	-669	-162	-121	0.60403	-0.10419	-0.06799	-0.78717
0x51	 16:43:48.559	0.2495	-0.0195	0.9858	0.0000	0.0000	0.0000	-1.1096	-14.2493	-104.8535	35.96	-669	-163	-122	0.60403	-0.10419	-0.06799	-0.78717
0x51	 16:43:48.564	0.2495	-0.0195	0.9858	0.0000	0.0000	0.0000	-1.1096	-14.2493	-104.8535	35.96	-670	-163	-122	0.60403	-0.10419	-0.06799	-0.78717
0x51	 16:43:48.570	0.2495	-0.0195	0.9858	0.0000	0.0000	0.0000	-1.1096	-14.2493	-104.8535	35.96	-670	-163	-122	0.60403	-0.10419	-0.06799	-0.78717
0x51	 16:43:48.576	0.2500	-0.0186	0.9849	0.0000	0.0000	0.0000	-1.1096	-14.2493	-104.8535	35.97	-670	-162	-121	0.60403	-0.10419	-0.06799	-0.78717
0x51	 16:43:48.579	0.2500	-0.0186	0.9849	0.0000	0.0000	0.0000	-1.1096	-14.2493	-104.8535	35.97	-669	-162	-121	0.60403	-0.10419	-0.06799	-0.78717
0x51	 16:43:48.585	0.2500	-0.0186	0.9849	0.0000	0.0000	0.0000	-1.1096	-14.2493	-104.8535	35.97	-668	-162	-121	0.60403	-0.10419	-0.06799	-0.78717
0x51	 16:43:48.590	0.2500	-0.0186	0.9849	0.0000	0.0000	0.0000	-1.1096	-14.2493	-104.8590	35.97	-667	-163	-121	0.60403	-0.10419	-0.06799	-0.78717
0x51	 16:43:48.593	0.2500	-0.0190	0.9839	0.0000	0.0000	0.0000	-1.1096	-14.2493	-104.8590	35.99	-667	-163	-122	0.60403	-0.10419	-0.06799	-0.78717
0x51	 16:43:48.599	0.2500	-0.0190	0.9839	0.0000	0.0000	0.0000	-1.1096	-14.2493	-104.8590	35.99	-667	-163	-122	0.60403	-0.10419	-0.06799	-0.78717
0x51	 16:43:48.628	0.2500	-0.0190	0.9839	0.0000	0.0000	0.0000	-1.1096	-14.2493	-104.8590	35.99	-667	-163	-122	0.60400	-0.10419	-0.06799	-0.78717
0x51	 16:43:48.628	0.2500	-0.0190	0.9839	0.0000	0.0000	0.0000	-1.1096	-14.2493	-104.8590	35.99	-667	-162	-122	0.60400	-0.10419	-0.06799	-0.78717
0x51	 16:43:48.628	0.2510	-0.0186	0.9844	0.0000	0.0000	0.0000	-1.1096	-14.2493	-104.8590	36.00	-666	-162	-122	0.60400	-0.10419	-0.06799	-0.78717
0x51	 16:43:48.628	0.2510	-0.0186	0.9844	0.0000	0.0000	0.0000	-1.1096	-14.2493	-104.8590	36.00	-666	-162	-122	0.60400	-0.10419	-0.06799	-0.78717
0x51	 16:43:48.628	0.2510	-0.0186	0.9844	0.0000	0.0000	0.0000	-1.1096	-14.2493	-104.8590	36.00	-665	-162	-122	0.60400	-0.10419	-0.06799	-0.78717
0x51	 16:43:48.628	0.2510	-0.0186	0.9844	0.0000	0.0000	0.0000	-1.1096	-14.2493	-104.8590	36.00	-663	-162	-122	0.60400	-0.10419	-0.06799	-0.78717
0x51	 16:43:48.634	0.2500	-0.0186	0.9844	0.0000	0.0000	0.0000	-1.1096	-14.2493	-104.8590	35.96	-664	-163	-123	0.60400	-0.10419	-0.06799	-0.78717
0x51	 16:43:48.640	0.2500	-0.0186	0.9844	0.0000	0.0000	0.0000	-1.1096	-14.2493	-104.8590	35.96	-665	-164	-123	0.60400	-0.10419	-0.06799	-0.78717
0x51	 16:43:48.646	0.2500	-0.0186	0.9844	0.0000	0.0000	0.0000	-1.1096	-14.2493	-104.8590	35.96	-665	-164	-122	0.60400	-0.10419	-0.06799	-0.78720
0x51	 16:43:48.649	0.2500	-0.0186	0.9844	0.0000	0.0000	0.0000	-1.1096	-14.2493	-104.8590	35.96	-665	-163	-122	0.60400	-0.10419	-0.06799	-0.78720
0x51	 16:43:48.654	0.2495	-0.0181	0.9849	0.0000	0.0000	0.0000	-1.1096	-14.2493	-104.8645	35.96	-665	-162	-122	0.60400	-0.10419	-0.06799	-0.78720
0x51	 16:43:48.660	0.2495	-0.0181	0.9849	0.0000	0.0000	0.0000	-1.1096	-14.2493	-104.8645	35.96	-666	-162	-122	0.60397	-0.10419	-0.06799	-0.78720
0x51	 16:43:48.663	0.2495	-0.0181	0.9849	0.0000	0.0000	0.0000	-1.1096	-14.2493	-104.8645	35.96	-666	-162	-121	0.60397	-0.10419	-0.06799	-0.78720
0x51	 16:43:48.669	0.2495	-0.0181	0.9849	0.0000	0.0000	0.0000	-1.1096	-14.2493	-104.8645	35.96	-665	-161	-120	0.60397	-0.10419	-0.06799	-0.78720
0x51	 16:43:48.675	0.2500	-0.0195	0.9849	0.0000	0.0000	0.0000	-1.1096	-14.2493	-104.8645	35.97	-666	-163	-120	0.60397	-0.10419	-0.06799	-0.78720
0x51	 16:43:48.680	0.2500	-0.0195	0.9849	0.0000	0.0000	0.0000	-1.1096	-14.2493	-104.8645	35.97	-666	-164	-120	0.60397	-0.10419	-0.06799	-0.78720
0x51	 16:43:48.683	0.2500	-0.0195	0.9849	0.0000	0.0000	0.0000	-1.1096	-14.2493	-104.8645	35.97	-666	-163	-120	0.60397	-0.10419	-0.06799	-0.78720
0x51	 16:43:48.689	0.2500	-0.0195	0.9849	0.0000	0.0000	0.0000	-1.1096	-14.2493	-104.8645	35.97	-666	-162	-120	0.60397	-0.10419	-0.06799	-0.78720
0x51	 16:43:48.695	0.2500	-0.0186	0.9844	0.0000	0.0000	0.0000	-1.1096	-14.2493	-104.8645	35.94	-666	-162	-120	0.60397	-0.10419	-0.06799	-0.78720
0x51	 16:43:48.701	0.2500	-0.0186	0.9844	0.0000	0.0000	0.0000	-1.1096	-14.2493	-104.8645	35.94	-666	-162	-120	0.60397	-0.10419	-0.06799	-0.78720
0x51	 16:43:48.704	0.2500	-0.0186	0.9844	0.0000	0.0000	0.0000	-1.1096	-14.2493	-104.8645	35.94	-666	-162	-120	0.60397	-0.10419	-0.06799	-0.78720
0x51	 16:43:48.710	0.2500	-0.0186	0.9844	0.0000	0.0000	0.0000	-1.1096	-14.2493	-104.8645	35.94	-666	-161	-119	0.60397	-0.10419	-0.06799	-0.78720
0x51	 16:43:48.715	0.2495	-0.0190	0.9839	0.0000	0.0000	0.0000	-1.1096	-14.2493	-104.8645	35.95	-665	-161	-119	0.60397	-0.10419	-0.06799	-0.78720
0x51	 16:43:48.718	0.2495	-0.0190	0.9839	0.0000	0.0000	0.0000	-1.1096	-14.2493	-104.8645	35.95	-664	-160	-120	0.60397	-0.10419	-0.06799	-0.78720
0x51	 16:43:48.724	0.2495	-0.0190	0.9839	0.0000	0.0000	0.0000	-1.1096	-14.2493	-104.8645	35.95	-664	-160	-120	0.60397	-0.10419	-0.06799	-0.78720
0x51	 16:43:48.730	0.2495	-0.0190	0.9839	0.0000	0.0000	0.0000	-1.1096	-14.2493	-104.8645	35.95	-664	-161	-120	0.60397	-0.10419	-0.06799	-0.78720
0x51	 16:43:48.735	0.2510	-0.0190	0.9844	0.0000	0.0000	0.0000	-1.1096	-14.2493	-104.8645	35.97	-665	-161	-120	0.60397	-0.10419	-0.06799	-0.78720
0x51	 16:43:48.738	0.2510	-0.0190	0.9844	0.0000	0.0000	0.0000	-1.1096	-14.2493	-104.8645	35.97	-666	-162	-121	0.60397	-0.10419	-0.06799	-0.78720
0x51	 16:43:48.744	0.2510	-0.0190	0.9844	0.0000	0.0000	0.0000	-1.1096	-14.2493	-104.8645	35.97	-667	-162	-121	0.60397	-0.10419	-0.06799	-0.78720
0x51	 16:43:48.750	0.2510	-0.0190	0.9844	0.0000	0.0000	0.0000	-1.1096	-14.2493	-104.8645	35.97	-666	-161	-121	0.60397	-0.10419	-0.06799	-0.78720
0x51	 16:43:48.753	0.2500	-0.0195	0.9844	0.0000	0.0000	0.0000	-1.1096	-14.2493	-104.8645	35.97	-665	-161	-120	0.60397	-0.10419	-0.06799	-0.78720
0x51	 16:43:48.759	0.2500	-0.0195	0.9844	0.0000	0.0000	0.0000	-1.1096	-14.2493	-104.8645	35.97	-665	-161	-121	0.60397	-0.10419	-0.06799	-0.78720
0x51	 16:43:48.764	0.2500	-0.0195	0.9844	0.0000	0.0000	0.0000	-1.1096	-14.2493	-104.8645	35.97	-666	-162	-121	0.60397	-0.10419	-0.06799	-0.78720
0x51	 16:43:48.770	0.2500	-0.0195	0.9844	0.0000	0.0000	0.0000	-1.1096	-14.2493	-104.8645	35.97	-667	-162	-121	0.60397	-0.10419	-0.06799	-0.78720
0x51	 16:43:48.773	0.2500	-0.0200	0.9849	0.0000	0.0000	0.0000	-1.1096	-14.2493	-104.8645	35.99	-667	-161	-121	0.60397	-0.10419	-0.06799	-0.78720
0x51	 16:43:48.779	0.2500	-0.0200	0.9849	0.0000	0.0000	0.0000	-1.1096	-14.2493	-104.8645	35.99	-667	-162	-120	0.60397	-0.10419	-0.06799	-0.78720
0x51	 16:43:48.785	0.2500	-0.0200	0.9849	0.0000	0.0000	0.0000	-1.1096	-14.2493	-104.8645	35.99	-667	-162	-120	0.60397	-0.10419	-0.06799	-0.78720
0x51	 16:43:48.788	0.2500	-0.0200	0.9849	0.0000	0.0000	0.0000	-1.1096	-14.2493	-104.8645	35.99	-667	-162	-121	0.60397	-0.10419	-0.06799	-0.78720
0x51	 16:43:48.793	0.2500	-0.0195	0.9844	0.0000	0.0000	0.0000	-1.1096	-14.2493	-104.8645	35.96	-667	-162	-121	0.60397	-0.10419	-0.06799	-0.78720
0x51	 16:43:48.799	0.2500	-0.0195	0.9844	0.0000	0.0000	0.0000	-1.1096	-14.2493	-104.8645	35.96	-667	-161	-121	0.60397	-0.10419	-0.06799	-0.78720
0x51	 16:43:48.805	0.2500	-0.0195	0.9844	0.0000	0.0000	0.0000	-1.1096	-14.2493	-104.8645	35.96	-667	-161	-122	0.60397	-0.10419	-0.06799	-0.78720
0x51	 16:43:48.808	0.2500	-0.0195	0.9844	0.0000	0.0000	0.0000	-1.1096	-14.2493	-104.8645	35.96	-667	-161	-122	0.60397	-0.10419	-0.06799	-0.78720
0x51	 16:43:48.814	0.2510	-0.0190	0.9844	0.0000	0.0000	0.0000	-1.1096	-14.2493	-104.8645	35.96	-666	-162	-122	0.60397	-0.10419	-0.06799	-0.78720
0x51	 16:43:48.819	0.2510	-0.0190	0.9844	0.0000	0.0000	0.0000	-1.1096	-14.2493	-104.8645	35.96	-667	-162	-121	0.60397	-0.10419	-0.06799	-0.78720
0x51	 16:43:48.822	0.2510	-0.0190	0.9844	0.0000	0.0000	0.0000	-1.1096	-14.2493	-104.8645	35.96	-667	-162	-120	0.60397	-0.10419	-0.06799	-0.78720
0x51	 16:43:48.828	0.2510	-0.0190	0.9844	0.0000	0.0000	0.0000	-1.1096	-14.2493	-104.8645	35.96	-667	-162	-119	0.60397	-0.10419	-0.06799	-0.78720
0x51	 16:43:48.860	0.2510	-0.0195	0.9839	0.0000	0.0000	0.0000	-1.1096	-14.2493	-104.8645	35.98	-667	-163	-119	0.60397	-0.10419	-0.06799	-0.78720
0x51	 16:43:48.860	0.2510	-0.0195	0.9839	0.0000	0.0000	0.0000	-1.1096	-14.2493	-104.8645	35.98	-668	-163	-120	0.60397	-0.10419	-0.06799	-0.78720
0x51	 16:43:48.860	0.2510	-0.0195	0.9839	0.0000	0.0000	0.0000	-1.1096	-14.2493	-104.8645	35.98	-668	-163	-121	0.60397	-0.10419	-0.06799	-0.78720
0x51	 16:43:48.860	0.2510	-0.0195	0.9839	0.0000	0.0000	0.0000	-1.1096	-14.2493	-104.8645	35.98	-668	-163	-120	0.60397	-0.10419	-0.06799	-0.78720
0x51	 16:43:48.860	0.2500	-0.0200	0.9844	0.0000	0.0000	0.0000	-1.1096	-14.2493	-104.8645	35.97	-668	-163	-120	0.60397	-0.10422	-0.06799	-0.78720
0x51	 16:43:48.860	0.2500	-0.0200	0.9844	0.0000	0.0000	0.0000	-1.1096	-14.2493	-104.8645	35.97	-668	-162	-120	0.60397	-0.10422	-0.06799	-0.78720
0x51	 16:43:48.863	0.2500	-0.0200	0.9844	0.0000	0.0000	0.0000	-1.1096	-14.2493	-104.8645	35.97	-668	-162	-120	0.60397	-0.10422	-0.06799	-0.78720
0x51	 16:43:48.869	0.2500	-0.0200	0.9844	0.0000	0.0000	0.0000	-1.1096	-14.2493	-104.8645	35.97	-667	-161	-119	0.60397	-0.10422	-0.06799	-0.78720
0x51	 16:43:48.874	0.2495	-0.0195	0.9844	0.0000	0.0000	0.0000	-1.1096	-14.2493	-104.8645	35.97	-667	-160	-119	0.60397	-0.10422	-0.06799	-0.78720
0x51	 16:43:48.877	0.2495	-0.0195	0.9844	0.0000	0.0000	0.0000	-1.1096	-14.2493	-104.8645	35.97	-667	-161	-118	0.60397	-0.10422	-0.06799	-0.78720
0x51	 16:43:48.883	0.2495	-0.0195	0.9844	0.0000	0.0000	0.0000	-1.1096	-14.2493	-104.8645	35.97	-667	-161	-118	0.60397	-0.10422	-0.06799	-0.78720
0x51	 16:43:48.889	0.2495	-0.0195	0.9844	0.0000	0.0000	0.0000	-1.1096	-14.2493	-104.8645	35.97	-667	-162	-118	0.60397	-0.10422	-0.06799	-0.78720
0x51	 16:43:48.895	0.2495	-0.0195	0.9844	0.0000	0.0000	0.0000	-1.1096	-14.2493	-104.8645	35.97	-668	-161	-119	0.60397	-0.10422	-0.06799	-0.78720
0x51	 16:43:48.898	0.2495	-0.0195	0.9844	0.0000	0.0000	0.0000	-1.1096	-14.2493	-104.8645	35.97	-668	-161	-120	0.60397	-0.10422	-0.06796	-0.78720
0x51	 16:43:48.903	0.2495	-0.0195	0.9844	0.0000	0.0000	0.0000	-1.1096	-14.2493	-104.8645	35.97	-668	-161	-121	0.60397	-0.10419	-0.06796	-0.78720
0x51	 16:43:48.909	0.2495	-0.0195	0.9844	0.0000	0.0000	0.0000	-1.1096	-14.2493	-104.8645	35.97	-668	-161	-121	0.60397	-0.10419	-0.06796	-0.78720
0x51	 16:43:48.912	0.2505	-0.0186	0.9844	0.0000	0.0000	0.0000	-1.1096	-14.2493	-104.8645	35.99	-668	-161	-121	0.60397	-0.10419	-0.06796	-0.78720
0x51	 16:43:48.918	0.2505	-0.0186	0.9844	0.0000	0.0000	0.0000	-1.1096	-14.2493	-104.8645	35.99	-668	-161	-120	0.60397	-0.10419	-0.06796	-0.78720
0x51	 16:43:48.924	0.2505	-0.0186	0.9844	0.0000	0.0000	0.0000	-1.1096	-14.2493	-104.8645	35.99	-668	-161	-120	0.60397	-0.10419	-0.06796	-0.78720
0x51	 16:43:48.930	0.2505	-0.0186	0.9844	0.0000	0.0000	0.0000	-1.1096	-14.2493	-104.8645	35.99	-669	-162	-121	0.60397	-0.10419	-0.06799	-0.78720
0x51	 16:43:48.933	0.2505	-0.0186	0.9839	0.0000	0.0000	0.0000	-1.1096	-14.2493	-104.8645	35.97	-669	-162	-121	0.60397	-0.10419	-0.06799	-0.78720
0x51	 16:43:48.938	0.2505	-0.0186	0.9839	0.0000	0.0000	0.0000	-1.1096	-14.2493	-104.8645	35.97	-668	-162	-122	0.60397	-0.10419	-0.06799	-0.78720
0x51	 16:43:48.944	0.2505	-0.0186	0.9839	0.0000	0.0000	0.0000	-1.1096	-14.2493	-104.8645	35.97	-667	-162	-122	0.60397	-0.10419	-0.06799	-0.78720
0x51	 16:43:48.947	0.2505	-0.0186	0.9839	0.0000	0.0000	0.0000	-1.1096	-14.2493	-104.8645	35.97	-666	-162	-123	0.60397	-0.10419	-0.06799	-0.78720
0x51	 16:43:48.953	0.2505	-0.0190	0.9844	0.0000	0.0000	0.0000	-1.1096	-14.2493	-104.8645	35.99	-666	-161	-122	0.60397	-0.10419	-0.06799	-0.78720
0x51	 16:43:48.959	0.2505	-0.0190	0.9844	0.0000	0.0000	0.0000	-1.1096	-14.2493	-104.8645	35.99	-665	-161	-122	0.60397	-0.10419	-0.06799	-0.78720
0x51	 16:43:48.964	0.2505	-0.0190	0.9844	0.0000	0.0000	0.0000	-1.1096	-14.2493	-104.8645	35.99	-666	-161	-122	0.60397	-0.10419	-0.06799	-0.78720
0x51	 16:43:48.967	0.2505	-0.0190	0.9844	0.0000	0.0000	0.0000	-1.1096	-14.2493	-104.8645	35.99	-666	-161	-122	0.60397	-0.10419	-0.06799	-0.78720
0x51	 16:43:48.973	0.2495	-0.0190	0.9849	0.0000	0.0000	0.0000	-1.1096	-14.2493	-104.8645	35.99	-667	-162	-122	0.60397	-0.10419	-0.06799	-0.78720
0x51	 16:43:48.979	0.2495	-0.0190	0.9849	0.0000	0.0000	0.0000	-1.1096	-14.2493	-104.8645	35.99	-668	-162	-122	0.60397	-0.10419	-0.06799	-0.78720
0x51	 16:43:48.982	0.2495	-0.0190	0.9849	0.0000	0.0000	0.0000	-1.1096	-14.2493	-104.8645	35.99	-668	-162	-122	0.60397	-0.10419	-0.06799	-0.78720
0x51	 16:43:48.988	0.2495	-0.0190	0.9849	0.0000	0.0000	0.0000	-1.1096	-14.2493	-104.8645	35.99	-667	-162	-122	0.60397	-0.10419	-0.06799	-0.78720
0x51	 16:43:48.993	0.2495	-0.0190	0.9849	0.0000	0.0000	0.0000	-1.1096	-14.2493	-104.8645	35.98	-666	-163	-122	0.60397	-0.10419	-0.06799	-0.78720
0x51	 16:43:48.999	0.2495	-0.0190	0.9849	0.0000	0.0000	0.0000	-1.1096	-14.2493	-104.8645	35.98	-666	-163	-122	0.60397	-0.10419	-0.06799	-0.78720
0x51	 16:43:49.002	0.2495	-0.0190	0.9849	0.0000	0.0000	0.0000	-1.1096	-14.2493	-104.8645	35.98	-665	-164	-123	0.60397	-0.10419	-0.06799	-0.78720
0x51	 16:43:49.008	0.2495	-0.0190	0.9849	0.0000	0.0000	0.0000	-1.1096	-14.2493	-104.8645	35.98	-665	-165	-123	0.60394	-0.10419	-0.06799	-0.78723
0x51	 16:43:49.041	0.2495	-0.0186	0.9849	0.0000	0.0000	0.0000	-1.1096	-14.2493	-104.8700	35.96	-665	-165	-123	0.60394	-0.10419	-0.06796	-0.78723
0x51	 16:43:49.041	0.2495	-0.0186	0.9849	0.0000	0.0000	0.0000	-1.1096	-14.2493	-104.8700	35.96	-665	-165	-123	0.60394	-0.10419	-0.06796	-0.78723
0x51	 16:43:49.041	0.2495	-0.0186	0.9849	0.0000	0.0000	0.0000	-1.1096	-14.2493	-104.8700	35.96	-665	-164	-122	0.60394	-0.10419	-0.06796	-0.78723
0x51	 16:43:49.041	0.2495	-0.0186	0.9849	0.0000	0.0000	0.0000	-1.1096	-14.2493	-104.8700	35.96	-666	-164	-121	0.60394	-0.10419	-0.06796	-0.78723
0x51	 16:43:49.041	0.2500	-0.0195	0.9844	0.0000	0.0000	0.0000	-1.1096	-14.2493	-104.8700	35.97	-666	-163	-120	0.60394	-0.10419	-0.06796	-0.78723
0x51	 16:43:49.041	0.2500	-0.0195	0.9844	0.0000	0.0000	0.0000	-1.1096	-14.2493	-104.8700	35.97	-666	-163	-119	0.60394	-0.10419	-0.06796	-0.78723
0x51	 16:43:49.043	0.2500	-0.0195	0.9844	0.0000	0.0000	0.0000	-1.1096	-14.2493	-104.8700	35.97	-665	-162	-119	0.60391	-0.10419	-0.06796	-0.78723
0x51	 16:43:49.048	0.2500	-0.0195	0.9844	0.0000	0.0000	0.0000	-1.1096	-14.2493	-104.8700	35.97	-665	-162	-120	0.60391	-0.10419	-0.06796	-0.78723
0x51	 16:43:49.054	0.2505	-0.0195	0.9839	0.0000	0.0000	0.0000	-1.1096	-14.2493	-104.8700	35.97	-664	-161	-120	0.60391	-0.10419	-0.06796	-0.78723
0x51	 16:43:49.057	0.2505	-0.0195	0.9839	0.0000	0.0000	0.0000	-1.1096	-14.2493	-104.8700	35.97	-665	-162	-121	0.60391	-0.10419	-0.06796	-0.78723
0x51	 16:43:49.063	0.2505	-0.0195	0.9839	0.0000	0.0000	0.0000	-1.1096	-14.2493	-104.8700	35.97	-665	-162	-121	0.60391	-0.10419	-0.06796	-0.78723
0x51	 16:43:49.069	0.2505	-0.0195	0.9839	0.0000	0.0000	0.0000	-1.1096	-14.2493	-104.8700	35.97	-665	-163	-121	0.60391	-0.10419	-0.06796	-0.78726
0x51	 16:43:49.072	0.2505	-0.0190	0.9844	0.0000	0.0000	0.0000	-1.1096	-14.2493	-104.8700	35.98	-664	-163	-121	0.60391	-0.10419	-0.06796	-0.78726
0x51	 16:43:49.078	0.2505	-0.0190	0.9844	0.0000	0.0000	0.0000	-1.1096	-14.2493	-104.8755	35.98	-664	-162	-121	0.60391	-0.10419	-0.06796	-0.78726
0x51	 16:43:49.083	0.2505	-0.0190	0.9844	0.0000	0.0000	0.0000	-1.1096	-14.2493	-104.8755	35.98	-664	-161	-121	0.60391	-0.10419	-0.06796	-0.78726
0x51	 16:43:49.089	0.2505	-0.0190	0.9844	0.0000	0.0000	0.0000	-1.1096	-14.2493	-104.8755	35.98	-664	-160	-120	0.60391	-0.10419	-0.06796	-0.78726
0x51	 16:43:49.092	0.2505	-0.0195	0.9849	0.0000	0.0000	0.0000	-1.1096	-14.2493	-104.8700	35.96	-664	-160	-119	0.60391	-0.10419	-0.06796	-0.78726
0x51	 16:43:49.098	0.2505	-0.0195	0.9849	0.0000	0.0000	0.0000	-1.1096	-14.2493	-104.8700	35.96	-663	-160	-119	0.60391	-0.10419	-0.06796	-0.78726
0x51	 16:43:49.104	0.2505	-0.0195	0.9849	0.0000	0.0000	0.0000	-1.1096	-14.2493	-104.8700	35.96	-663	-161	-120	0.60391	-0.10419	-0.06796	-0.78726
0x51	 16:43:49.107	0.2505	-0.0195	0.9849	0.0000	0.0000	0.0000	-1.1096	-14.2493	-104.8700	35.96	-663	-161	-119	0.60391	-0.10422	-0.06796	-0.78726
0x51	 16:43:49.112	0.2500	-0.0195	0.9849	0.0000	0.0000	0.0000	-1.1096	-14.2493	-104.8700	35.96	-663	-161	-119	0.60391	-0.10422	-0.06796	-0.78726
0x51	 16:43:49.118	0.2500	-0.0195	0.9849	0.0000	0.0000	0.0000	-1.1096	-14.2493	-104.8700	35.96	-663	-161	-119	0.60391	-0.10422	-0.06796	-0.78726
0x51	 16:43:49.124	0.2500	-0.0195	0.9849	0.0000	0.0000	0.0000	-1.1096	-14.2493	-104.8755	35.96	-663	-162	-118	0.60391	-0.10422	-0.06796	-0.78726
0x51	 16:43:49.127	0.2500	-0.0195	0.9849	0.0000	0.0000	0.0000	-1.1096	-14.2493	-104.8755	35.96	-663	-162	-118	0.60391	-0.10422	-0.06796	-0.78726
0x51	 16:43:49.133	0.2500	-0.0190	0.9849	0.0000	0.0000	0.0000	-1.1096	-14.2493	-104.8755	35.99	-663	-162	-119	0.60391	-0.10422	-0.06796	-0.78726
0x51	 16:43:49.138	0.2500	-0.0190	0.9849	0.0000	0.0000	0.0000	-1.1096	-14.2493	-104.8755	35.99	-664	-162	-119	0.60391	-0.10422	-0.06796	-0.78726
0x51	 16:43:49.141	0.2500	-0.0190	0.9849	0.0000	0.0000	0.0000	-1.1096	-14.2493	-104.8755	35.99	-664	-162	-120	0.60391	-0.10422	-0.06796	-0.78726
0x51	 16:43:49.147	0.2500	-0.0190	0.9849	0.0000	0.0000	0.0000	-1.1096	-14.2493	-104.8755	35.99	-664	-163	-119	0.60391	-0.10422	-0.06796	-0.78726
0x51	 16:43:49.153	0.2505	-0.0195	0.9839	0.0000	0.0000	0.0000	-1.1096	-14.2493	-104.8755	35.97	-665	-163	-119	0.60391	-0.10422	-0.06796	-0.78726
0x51	 16:43:49.159	0.2505	-0.0195	0.9839	0.0000	0.0000	0.0000	-1.1096	-14.2493	-104.8755	35.97	-665	-163	-119	0.60388	-0.10422	-0.06796	-0.78726
0x51	 16:43:49.162	0.2505	-0.0195	0.9839	0.0000	0.0000	0.0000	-1.1096	-14.2493	-104.8755	35.97	-665	-162	-120	0.60388	-0.10422	-0.06796	-0.78726
0x51	 16:43:49.169	0.2505	-0.0195	0.9839	0.0000	0.0000	0.0000	-1.1096	-14.2493	-104.8755	35.97	-664	-162	-120	0.60388	-0.10422	-0.06796	-0.78726
0x51	 16:43:49.173	0.2505	-0.0195	0.9839	0.0000	0.0000	0.0000	-1.1096	-14.2493	-104.8755	35.96	-664	-161	-121	0.60388	-0.10422	-0.06796	-0.78726
0x51	 16:43:49.179	0.2505	-0.0195	0.9839	0.0000	0.0000	0.0000	-1.1096	-14.2493	-104.8755	35.96	-664	-160	-120	0.60388	-0.10422	-0.06796	-0.78726
0x51	 16:43:49.182	0.2505	-0.0195	0.9839	0.0000	0.0000	0.0000	-1.1096	-14.2493	-104.8755	35.96	-664	-160	-120	0.60388	-0.10422	-0.06796	-0.78726
0x51	 16:43:49.190	0.2505	-0.0195	0.9839	0.0000	0.0000	0.0000	-1.1096	-14.2493	-104.8755	35.96	-664	-161	-120	0.60388	-0.10422	-0.06796	-0.78726
0x51	 16:43:49.193	0.2505	-0.0190	0.9844	0.0000	0.0000	0.0000	-1.1096	-14.2493	-104.8755	36.01	-664	-161	-120	0.60388	-0.10422	-0.06796	-0.78726
0x51	 16:43:49.196	0.2505	-0.0190	0.9844	0.0000	0.0000	0.0000	-1.1096	-14.2493	-104.8755	36.01	-664	-161	-121	0.60388	-0.10422	-0.06796	-0.78726
0x51	 16:43:49.202	0.2505	-0.0190	0.9844	0.0000	0.0000	0.0000	-1.1096	-14.2493	-104.8755	36.01	-664	-161	-121	0.60388	-0.10422	-0.06796	-0.78726
0x51	 16:43:49.208	0.2505	-0.0190	0.9844	0.0000	0.0000	0.0000	-1.1096	-14.2493	-104.8755	36.01	-665	-162	-121	0.60388	-0.10422	-0.06796	-0.78726
0x51	 16:43:49.214	0.2510	-0.0190	0.9844	0.0000	0.0000	0.0000	-1.1096	-14.2493	-104.8755	35.99	-666	-163	-121	0.60388	-0.10422	-0.06796	-0.78726
0x51	 16:43:49.217	0.2510	-0.0190	0.9844	0.0000	0.0000	0.0000	-1.1096	-14.2493	-104.8755	35.99	-666	-163	-121	0.60388	-0.10422	-0.06796	-0.78726
0x51	 16:43:49.222	0.2510	-0.0190	0.9844	0.0000	0.0000	0.0000	-1.1096	-14.2493	-104.8755	35.99	-666	-163	-121	0.60388	-0.10422	-0.06796	-0.78726
0x51	 16:43:49.228	0.2510	-0.0190	0.9844	0.0000	0.0000	0.0000	-1.1096	-14.2493	-104.8755	35.99	-666	-163	-121	0.60388	-0.10422	-0.06796	-0.78726
0x51	 16:43:49.231	0.2510	-0.0190	0.9849	0.0000	0.0000	0.0000	-1.1096	-14.2493	-104.8755	35.97	-665	-163	-121	0.60388	-0.10422	-0.06796	-0.78726
0x51	 16:43:49.238	0.2510	-0.0190	0.9849	0.0000	0.0000	0.0000	-1.1096	-14.2548	-104.8755	35.97	-665	-162	-121	0.60388	-0.10422	-0.06796	-0.78726
0x51	 16:43:49.243	0.2510	-0.0190	0.9849	0.0000	0.0000	0.0000	-1.1096	-14.2548	-104.8755	35.97	-665	-162	-121	0.60388	-0.10422	-0.06796	-0.78726
0x51	 16:43:49.274	0.2510	-0.0190	0.9849	0.0000	0.0000	0.0000	-1.1096	-14.2548	-104.8755	35.97	-664	-161	-121	0.60388	-0.10422	-0.06796	-0.78726
0x51	 16:43:49.274	0.2505	-0.0190	0.9844	0.0000	0.0000	0.0000	-1.1096	-14.2548	-104.8810	36.01	-664	-162	-121	0.60388	-0.10422	-0.06796	-0.78729
0x51	 16:43:49.274	0.2505	-0.0190	0.9844	0.0000	0.0000	0.0000	-1.1096	-14.2548	-104.8810	36.01	-664	-163	-122	0.60388	-0.10422	-0.06796	-0.78729
0x51	 16:43:49.274	0.2505	-0.0190	0.9844	0.0000	0.0000	0.0000	-1.1096	-14.2548	-104.8810	36.01	-664	-162	-121	0.60388	-0.10422	-0.06796	-0.78729
0x51	 16:43:49.274	0.2505	-0.0190	0.9844	0.0000	0.0000	0.0000	-1.1096	-14.2548	-104.8810	36.01	-663	-162	-121	0.60385	-0.10422	-0.06796	-0.78729
0x51	 16:43:49.274	0.2500	-0.0190	0.9854	0.0000	0.0000	0.0000	-1.1096	-14.2548	-104.8810	35.97	-665	-162	-121	0.60385	-0.10422	-0.06796	-0.78729
0x51	 16:43:49.278	0.2500	-0.0190	0.9854	0.0000	0.0000	0.0000	-1.1096	-14.2548	-104.8810	35.97	-666	-162	-121	0.60385	-0.10422	-0.06796	-0.78729
0x51	 16:43:49.283	0.2500	-0.0190	0.9854	0.0000	0.0000	0.0000	-1.1096	-14.2548	-104.8810	35.97	-665	-162	-120	0.60385	-0.10422	-0.06796	-0.78729
0x51	 16:43:49.286	0.2500	-0.0190	0.9854	0.0000	0.0000	0.0000	-1.1096	-14.2548	-104.8810	35.97	-665	-163	-120	0.60385	-0.10422	-0.06796	-0.78729
0x51	 16:43:49.292	0.2490	-0.0195	0.9854	0.0000	0.0000	0.0000	-1.1096	-14.2548	-104.8810	35.97	-665	-162	-120	0.60385	-0.10422	-0.06796	-0.78729
0x51	 16:43:49.298	0.2490	-0.0195	0.9854	0.0000	0.0000	0.0000	-1.1096	-14.2548	-104.8810	35.97	-665	-161	-120	0.60385	-0.10422	-0.06796	-0.78729
0x51	 16:43:49.301	0.2490	-0.0195	0.9854	0.0000	0.0000	0.0000	-1.1096	-14.2493	-104.8810	35.97	-665	-162	-120	0.60385	-0.10422	-0.06796	-0.78729
0x51	 16:43:49.307	0.2490	-0.0195	0.9854	0.0000	0.0000	0.0000	-1.1096	-14.2493	-104.8810	35.97	-666	-162	-120	0.60385	-0.10422	-0.06796	-0.78729
0x51	 16:43:49.312	0.2500	-0.0190	0.9844	0.0000	0.0000	0.0000	-1.1096	-14.2493	-104.8810	35.93	-665	-163	-120	0.60385	-0.10422	-0.06796	-0.78729
0x51	 16:43:49.318	0.2500	-0.0190	0.9844	0.0000	0.0000	0.0000	-1.1096	-14.2493	-104.8810	35.93	-665	-164	-120	0.60385	-0.10422	-0.06796	-0.78729
0x51	 16:43:49.321	0.2500	-0.0190	0.9844	0.0000	0.0000	0.0000	-1.1096	-14.2493	-104.8810	35.93	-665	-164	-120	0.60385	-0.10422	-0.06796	-0.78729
0x51	 16:43:49.327	0.2500	-0.0190	0.9844	0.0000	0.0000	0.0000	-1.1096	-14.2493	-104.8810	35.93	-664	-164	-119	0.60385	-0.10422	-0.06796	-0.78729
0x51	 16:43:49.333	0.2505	-0.0186	0.9844	0.0000	0.0000	0.0000	-1.1096	-14.2493	-104.8865	35.99	-664	-165	-119	0.60382	-0.10422	-0.06796	-0.78732
0x51	 16:43:49.338	0.2505	-0.0186	0.9844	0.0000	0.0000	0.0000	-1.1096	-14.2493	-104.8865	35.99	-665	-166	-119	0.60382	-0.10422	-0.06796	-0.78732
0x51	 16:43:49.341	0.2505	-0.0186	0.9844	0.0000	0.0000	0.0000	-1.1096	-14.2493	-104.8865	35.99	-665	-165	-119	0.60382	-0.10422	-0.06796	-0.78732
0x51	 16:43:49.347	0.2505	-0.0186	0.9844	0.0000	0.0000	0.0000	-1.1096	-14.2493	-104.8865	35.99	-666	-163	-119	0.60382	-0.10422	-0.06796	-0.78732
0x51	 16:43:49.353	0.2505	-0.0190	0.9844	0.0000	0.0000	0.0000	-1.1096	-14.2493	-104.8865	35.99	-667	-163	-118	0.60382	-0.10422	-0.06796	-0.78732
0x51	 16:43:49.356	0.2505	-0.0190	0.9844	0.0000	0.0000	0.0000	-1.1096	-14.2493	-104.8865	35.99	-667	-164	-118	0.60382	-0.10422	-0.06796	-0.78732
0x51	 16:43:49.362	0.2505	-0.0190	0.9844	0.0000	0.0000	0.0000	-1.1096	-14.2493	-104.8865	35.99	-667	-165	-119	0.60382	-0.10422	-0.06796	-0.78732
0x51	 16:43:49.367	0.2505	-0.0190	0.9844	0.0000	0.0000	0.0000	-1.1096	-14.2493	-104.8865	35.99	-667	-166	-119	0.60379	-0.10422	-0.06796	-0.78732
0x51	 16:43:49.373	0.2500	-0.0190	0.9854	0.0000	0.0000	0.0000	-1.1096	-14.2493	-104.8920	35.95	-667	-165	-120	0.60379	-0.10422	-0.06796	-0.78735
0x51	 16:43:49.376	0.2500	-0.0190	0.9854	0.0000	0.0000	0.0000	-1.1096	-14.2493	-104.8920	35.95	-667	-165	-120	0.60379	-0.10422	-0.06796	-0.78735
0x51	 16:43:49.382	0.2500	-0.0190	0.9854	0.0000	0.0000	0.0000	-1.1096	-14.2493	-104.8920	35.95	-666	-165	-120	0.60379	-0.10422	-0.06796	-0.78735
0x51	 16:43:49.388	0.2500	-0.0190	0.9854	0.0000	0.0000	0.0000	-1.1096	-14.2493	-104.8920	35.95	-666	-165	-121	0.60379	-0.10422	-0.06796	-0.78735
0x51	 16:43:49.391	0.2500	-0.0190	0.9849	0.0000	0.0000	0.0000	-1.1096	-14.2493	-104.8920	35.97	-666	-165	-121	0.60376	-0.10422	-0.06796	-0.78735
0x51	 16:43:49.396	0.2500	-0.0190	0.9849	0.0000	0.0000	0.0000	-1.1096	-14.2493	-104.8920	35.97	-666	-165	-121	0.60376	-0.10422	-0.06796	-0.78735
0x51	 16:43:49.402	0.2500	-0.0190	0.9849	0.0000	0.0000	0.0000	-1.1096	-14.2493	-104.8920	35.97	-667	-164	-121	0.60376	-0.10422	-0.06796	-0.78735
0x51	 16:43:49.408	0.2500	-0.0190	0.9849	0.0000	0.0000	0.0000	-1.1096	-14.2493	-104.8975	35.97	-666	-164	-120	0.60376	-0.10422	-0.06796	-0.78735
0x51	 16:43:49.411	0.2505	-0.0195	0.9839	0.0000	0.0000	0.0000	-1.1096	-14.2493	-104.8975	35.96	-665	-163	-119	0.60376	-0.10422	-0.06796	-0.78738
0x51	 16:43:49.417	0.2505	-0.0195	0.9839	0.0000	0.0000	0.0000	-1.1096	-14.2493	-104.8975	35.96	-665	-163	-120	0.60376	-0.10422	-0.06796	-0.78738
0x51	 16:43:49.422	0.2505	-0.0195	0.9839	0.0000	0.0000	0.0000	-1.1096	-14.2493	-104.8975	35.96	-664	-163	-120	0.60376	-0.10422	-0.06796	-0.78738
0x51	 16:43:49.425	0.2505	-0.0195	0.9839	0.0000	0.0000	0.0000	-1.1096	-14.2493	-104.8975	35.96	-664	-163	-121	0.60376	-0.10422	-0.06796	-0.78738
0x51	 16:43:49.453	0.2505	-0.0190	0.9844	0.0000	0.0000	0.0000	-1.1096	-14.2493	-104.8975	35.99	-664	-163	-121	0.60373	-0.10422	-0.06796	-0.78738
0x51	 16:43:49.453	0.2505	-0.0190	0.9844	0.0000	0.0000	0.0000	-1.1096	-14.2493	-104.8975	35.99	-664	-162	-120	0.60373	-0.10422	-0.06796	-0.78738
0x51	 16:43:49.453	0.2505	-0.0190	0.9844	0.0000	0.0000	0.0000	-1.1096	-14.2493	-104.8975	35.99	-664	-162	-120	0.60373	-0.10422	-0.06796	-0.78738
0x51	 16:43:49.453	0.2505	-0.0190	0.9844	0.0000	0.0000	0.0000	-1.1096	-14.2548	-104.8975	35.99	-664	-162	-120	0.60373	-0.10422	-0.06796	-0.78738
0x51	 16:43:49.453	0.2505	-0.0195	0.9844	0.0000	0.0000	0.0000	-1.1096	-14.2548	-104.8975	35.95	-664	-163	-119	0.60373	-0.10422	-0.06796	-0.78738
0x51	 16:43:49.456	0.2505	-0.0195	0.9844	0.0000	0.0000	0.0000	-1.1096	-14.2548	-104.8975	35.95	-664	-162	-120	0.60373	-0.10422	-0.06796	-0.78738
0x51	 16:43:49.459	0.2505	-0.0195	0.9844	0.0000	0.0000	0.0000	-1.1096	-14.2548	-104.8975	35.95	-663	-162	-121	0.60373	-0.10422	-0.06796	-0.78738
0x51	 16:43:49.465	0.2505	-0.0195	0.9844	0.0000	0.0000	0.0000	-1.1096	-14.2548	-104.8975	35.95	-664	-162	-121	0.60373	-0.10422	-0.06796	-0.78738
0x51	 16:43:49.471	0.2500	-0.0195	0.9849	0.0000	0.0000	0.0000	-1.1096	-14.2548	-104.8975	35.97	-664	-163	-121	0.60373	-0.10422	-0.06796	-0.78738
0x51	 16:43:49.476	0.2500	-0.0195	0.9849	0.0000	0.0000	0.0000	-1.1096	-14.2548	-104.8975	35.97	-665	-162	-121	0.60373	-0.10422	-0.06796	-0.78738
0x51	 16:43:49.490	0.2500	-0.0195	0.9849	0.0000	0.0000	0.0000	-1.1096	-14.2548	-104.8975	35.97	-666	-162	-121	0.60373	-0.10422	-0.06796	-0.78738
0x51	 16:43:49.490	0.2500	-0.0195	0.9849	0.0000	0.0000	0.0000	-1.1096	-14.2548	-104.8975	35.97	-667	-162	-121	0.60373	-0.10422	-0.06796	-0.78738
0x51	 16:43:49.496	0.2500	-0.0195	0.9849	0.0000	0.0000	0.0000	-1.1096	-14.2548	-104.8975	35.94	-667	-161	-121	0.60373	-0.10422	-0.06796	-0.78738
0x51	 16:43:49.497	0.2500	-0.0195	0.9849	0.0000	0.0000	0.0000	-1.1096	-14.2548	-104.8975	35.94	-667	-162	-121	0.60373	-0.10422	-0.06796	-0.78738
0x51	 16:43:49.500	0.2500	-0.0195	0.9849	0.0000	0.0000	0.0000	-1.1096	-14.2548	-104.8975	35.94	-667	-162	-121	0.60373	-0.10422	-0.06796	-0.78738
0x51	 16:43:49.506	0.2500	-0.0195	0.9849	0.0000	0.0000	0.0000	-1.1096	-14.2493	-104.8975	35.94	-667	-162	-121	0.60373	-0.10422	-0.06793	-0.78738
0x51	 16:43:49.511	0.2505	-0.0190	0.9854	0.0000	0.0000	0.0000	-1.1096	-14.2493	-104.8975	35.98	-667	-162	-121	0.60373	-0.10422	-0.06793	-0.78738
0x51	 16:43:49.514	0.2505	-0.0190	0.9854	0.0000	0.0000	0.0000	-1.1096	-14.2493	-104.8975	35.98	-668	-162	-120	0.60373	-0.10422	-0.06793	-0.78738
0x51	 16:43:49.520	0.2505	-0.0190	0.9854	0.0000	0.0000	0.0000	-1.1096	-14.2493	-104.8975	35.98	-669	-162	-120	0.60373	-0.10422	-0.06793	-0.78738
0x51	 16:43:49.526	0.2505	-0.0190	0.9854	0.0000	0.0000	0.0000	-1.1096	-14.2548	-104.8975	35.98	-670	-162	-120	0.60373	-0.10422	-0.06796	-0.78738
0x51	 16:43:49.531	0.2505	-0.0190	0.9844	0.0000	0.0000	0.0000	-1.1096	-14.2548	-104.8975	35.98	-670	-162	-120	0.60373	-0.10422	-0.06796	-0.78738
0x51	 16:43:49.535	0.2505	-0.0190	0.9844	0.0000	0.0000	0.0000	-1.1096	-14.2548	-104.8975	35.98	-669	-162	-121	0.60373	-0.10422	-0.06796	-0.78738
0x51	 16:43:49.542	0.2505	-0.0190	0.9844	0.0000	0.0000	0.0000	-1.1096	-14.2548	-104.8975	35.98	-668	-161	-122	0.60373	-0.10422	-0.06796	-0.78738
0x51	 16:43:49.546	0.2505	-0.0190	0.9844	0.0000	0.0000	0.0000	-1.1096	-14.2548	-104.8975	35.98	-669	-162	-122	0.60373	-0.10422	-0.06796	-0.78738
0x51	 16:43:49.549	0.2505	-0.0186	0.9844	0.0000	0.0000	0.0000	-1.1096	-14.2548	-104.8975	35.95	-669	-162	-123	0.60373	-0.10425	-0.06796	-0.78738
0x51	 16:43:49.555	0.2505	-0.0186	0.9844	0.0000	0.0000	0.0000	-1.1096	-14.2548	-104.8975	35.95	-669	-163	-123	0.60373	-0.10422	-0.06796	-0.78738
0x51	 16:43:49.561	0.2505	-0.0186	0.9844	0.0000	0.0000	0.0000	-1.1096	-14.2548	-104.8975	35.95	-669	-163	-123	0.60373	-0.10422	-0.06796	-0.78738
0x51	 16:43:49.566	0.2505	-0.0186	0.9844	0.0000	0.0000	0.0000	-1.1096	-14.2548	-104.8975	35.95	-669	-162	-123	0.60373	-0.10422	-0.06796	-0.78738
0x51	 16:43:49.569	0.2495	-0.0195	0.9839	0.0000	0.0000	0.0000	-1.1096	-14.2548	-104.8975	35.98	-668	-162	-123	0.60373	-0.10422	-0.06796	-0.78738
0x51	 16:43:49.575	0.2495	-0.0195	0.9839	0.0000	0.0000	0.0000	-1.1096	-14.2548	-104.8975	35.98	-667	-161	-123	0.60373	-0.10422	-0.06796	-0.78738
0x51	 16:43:49.581	0.2495	-0.0195	0.9839	0.0000	0.0000	0.0000	-1.1096	-14.2548	-104.8975	35.98	-669	-162	-123	0.60373	-0.10422	-0.06796	-0.78738
0x51	 16:43:49.584	0.2495	-0.0195	0.9839	0.0000	0.0000	0.0000	-1.1096	-14.2548	-104.8975	35.98	-670	-163	-122	0.60373	-0.10422	-0.06796	-0.78738
0x51	 16:43:49.590	0.2495	-0.0181	0.9854	0.0000	0.0000	0.0000	-1.1096	-14.2548	-104.8975	35.96	-670	-161	-123	0.60373	-0.10422	-0.06796	-0.78738
0x51	 16:43:49.595	0.2495	-0.0181	0.9854	0.0000	0.0000	0.0000	-1.1096	-14.2548	-104.8975	35.96	-669	-160	-123	0.60373	-0.10422	-0.06796	-0.78738
0x51	 16:43:49.601	0.2495	-0.0181	0.9854	0.0000	0.0000	0.0000	-1.1096	-14.2493	-104.8975	35.96	-669	-160	-123	0.60376	-0.10422	-0.06796	-0.78738
0x51	 16:43:49.604	0.2495	-0.0181	0.9854	0.0000	0.0000	0.0000	-1.1096	-14.2493	-104.8975	35.96	-669	-160	-123	0.60376	-0.10422	-0.06796	-0.78738
0x51	 16:43:49.610	0.2500	-0.0190	0.9844	0.0000	0.0000	0.0000	-1.1096	-14.2493	-104.8975	35.97	-668	-161	-123	0.60376	-0.10422	-0.06796	-0.78738
0x51	 16:43:49.616	0.2500	-0.0190	0.9844	0.0000	0.0000	0.0000	-1.1096	-14.2493	-104.8975	35.97	-668	-162	-122	0.60376	-0.10422	-0.06796	-0.78738
0x51	 16:43:49.619	0.2500	-0.0190	0.9844	0.0000	0.0000	0.0000	-1.1096	-14.2493	-104.8975	35.97	-667	-162	-121	0.60376	-0.10422	-0.06796	-0.78738
0x51	 16:43:49.624	0.2500	-0.0190	0.9844	0.0000	0.0000	0.0000	-1.1096	-14.2493	-104.8975	35.97	-667	-162	-121	0.60376	-0.10422	-0.06796	-0.78738
0x51	 16:43:49.630	0.2510	-0.0181	0.9839	0.0000	0.0000	0.0000	-1.1096	-14.2493	-104.8975	35.97	-668	-163	-120	0.60376	-0.10422	-0.06796	-0.78738
0x51	 16:43:49.636	0.2510	-0.0181	0.9839	0.0000	0.0000	0.0000	-1.1096	-14.2493	-104.8975	35.97	-670	-163	-119	0.60376	-0.10422	-0.06796	-0.78738
0x51	 16:43:49.639	0.2510	-0.0181	0.9839	0.0000	0.0000	0.0000	-1.1096	-14.2493	-104.8975	35.97	-670	-163	-119	0.60376	-0.10422	-0.06796	-0.78738
0x51	 16:43:49.645	0.2510	-0.0181	0.9839	0.0000	0.0000	0.0000	-1.1096	-14.2493	-104.8975	35.97	-670	-162	-120	0.60376	-0.10422	-0.06796	-0.78738
0x51	 16:43:49.650	0.2505	-0.0186	0.9839	0.0000	0.0000	0.0000	-1.1096	-14.2548	-104.8975	35.99	-669	-163	-120	0.60376	-0.10422	-0.06796	-0.78738
0x51	 16:43:49.656	0.2505	-0.0186	0.9839	0.0000	0.0000	0.0000	-1.1096	-14.2548	-104.8975	35.99	-669	-165	-120	0.60376	-0.10422	-0.06796	-0.78738
0x51	 16:43:49.685	0.2505	-0.0186	0.9839	0.0000	0.0000	0.0000	-1.1096	-14.2548	-104.8975	35.99	-669	-164	-120	0.60376	-0.10422	-0.06796	-0.78738
0x51	 16:43:49.685	0.2505	-0.0186	0.9839	0.0000	0.0000	0.0000	-1.1096	-14.2548	-104.8975	35.99	-668	-164	-120	0.60376	-0.10422	-0.06796	-0.78738
0x51	 16:43:49.685	0.2500	-0.0190	0.9844	0.0000	0.0000	0.0000	-1.1096	-14.2548	-104.8975	35.96	-667	-163	-120	0.60373	-0.10422	-0.06796	-0.78738
0x51	 16:43:49.685	0.2500	-0.0190	0.9844	0.0000	0.0000	0.0000	-1.1096	-14.2548	-104.8975	35.96	-667	-163	-119	0.60373	-0.10422	-0.06796	-0.78738
0x51	 16:43:49.685	0.2500	-0.0190	0.9844	0.0000	0.0000	0.0000	-1.1096	-14.2548	-104.8975	35.96	-667	-163	-119	0.60373	-0.10422	-0.06796	-0.78738
0x51	 16:43:49.685	0.2500	-0.0190	0.9844	0.0000	0.0000	0.0000	-1.1096	-14.2548	-104.8975	35.96	-667	-162	-119	0.60373	-0.10422	-0.06796	-0.78738
0x51	 16:43:49.691	0.2495	-0.0190	0.9858	0.0000	0.0000	0.0000	-1.1096	-14.2548	-104.8975	35.97	-667	-163	-120	0.60373	-0.10422	-0.06796	-0.78738
0x51	 16:43:49.694	0.2495	-0.0190	0.9858	0.0000	0.0000	0.0000	-1.1096	-14.2548	-104.8975	35.97	-666	-163	-121	0.60373	-0.10422	-0.06796	-0.78738
0x51	 16:43:49.700	0.2495	-0.0190	0.9858	0.0000	0.0000	0.0000	-1.1096	-14.2548	-104.8975	35.97	-666	-162	-121	0.60373	-0.10422	-0.06796	-0.78738
0x51	 16:43:49.706	0.2495	-0.0190	0.9858	0.0000	0.0000	0.0000	-1.1096	-14.2493	-104.8975	35.97	-666	-161	-120	0.60373	-0.10422	-0.06796	-0.78738
0x51	 16:43:49.709	0.2495	-0.0200	0.9849	0.0000	0.0000	0.0000	-1.1096	-14.2493	-104.8975	35.98	-666	-161	-121	0.60373	-0.10422	-0.06796	-0.78738
0x51	 16:43:49.714	0.2495	-0.0200	0.9849	0.0000	0.0000	0.0000	-1.1096	-14.2493	-104.8975	35.98	-666	-161	-121	0.60373	-0.10422	-0.06796	-0.78738
0x51	 16:43:49.720	0.2495	-0.0200	0.9849	0.0000	0.0000	0.0000	-1.1096	-14.2493	-104.8975	35.98	-666	-161	-121	0.60373	-0.10422	-0.06796	-0.78738
0x51	 16:43:49.726	0.2495	-0.0200	0.9849	0.0000	0.0000	0.0000	-1.1096	-14.2493	-104.8975	35.98	-666	-162	-122	0.60373	-0.10422	-0.06796	-0.78738
0x51	 16:43:49.729	0.2500	-0.0190	0.9844	0.0000	0.0000	0.0000	-1.1096	-14.2493	-104.8975	35.97	-665	-162	-122	0.60373	-0.10422	-0.06796	-0.78738
0x51	 16:43:49.735	0.2500	-0.0190	0.9844	0.0000	0.0000	0.0000	-1.1096	-14.2493	-104.8975	35.97	-665	-162	-121	0.60373	-0.10422	-0.06796	-0.78738
0x51	 16:43:49.740	0.2500	-0.0190	0.9844	0.0000	0.0000	0.0000	-1.1096	-14.2493	-104.8975	35.97	-665	-162	-120	0.60373	-0.10422	-0.06796	-0.78738
0x51	 16:43:49.743	0.2500	-0.0190	0.9844	0.0000	0.0000	0.0000	-1.1096	-14.2493	-104.8975	35.97	-666	-161	-120	0.60373	-0.10422	-0.06796	-0.78738
0x51	 16:43:49.749	0.2510	-0.0190	0.9834	0.0000	0.0000	0.0000	-1.1096	-14.2493	-104.8975	35.97	-666	-160	-120	0.60373	-0.10422	-0.06796	-0.78738
0x51	 16:43:49.755	0.2510	-0.0190	0.9834	0.0000	0.0000	0.0000	-1.1096	-14.2493	-104.8975	35.97	-666	-161	-120	0.60376	-0.10422	-0.06796	-0.78738
0x51	 16:43:49.761	0.2510	-0.0190	0.9834	0.0000	0.0000	0.0000	-1.1096	-14.2493	-104.8975	35.97	-667	-161	-119	0.60376	-0.10422	-0.06796	-0.78738
0x51	 16:43:49.764	0.2510	-0.0190	0.9834	0.0000	0.0000	0.0000	-1.1096	-14.2493	-104.8975	35.97	-667	-160	-119	0.60376	-0.10422	-0.06796	-0.78738
0x51	 16:43:49.769	0.2510	-0.0190	0.9844	0.0000	0.0000	0.0000	-1.1096	-14.2493	-104.8975	35.98	-667	-159	-120	0.60376	-0.10422	-0.06796	-0.78738
0x51	 16:43:49.775	0.2510	-0.0190	0.9844	0.0000	0.0000	0.0000	-1.1096	-14.2548	-104.8975	35.98	-667	-159	-120	0.60376	-0.10422	-0.06796	-0.78735
0x51	 16:43:49.778	0.2510	-0.0190	0.9844	0.0000	0.0000	0.0000	-1.1096	-14.2548	-104.8920	35.98	-667	-159	-120	0.60376	-0.10422	-0.06796	-0.78735
0x51	 16:43:49.784	0.2510	-0.0190	0.9844	0.0000	0.0000	0.0000	-1.1096	-14.2548	-104.8920	35.98	-667	-159	-120	0.60376	-0.10422	-0.06796	-0.78735
0x51	 16:43:49.790	0.2505	-0.0190	0.9844	0.0000	0.0000	0.0000	-1.1096	-14.2548	-104.8920	35.97	-668	-159	-120	0.60379	-0.10422	-0.06796	-0.78735
0x51	 16:43:49.795	0.2505	-0.0190	0.9844	0.0000	0.0000	0.0000	-1.1096	-14.2548	-104.8920	35.97	-668	-159	-120	0.60379	-0.10422	-0.06796	-0.78735
0x51	 16:43:49.798	0.2505	-0.0190	0.9844	0.0000	0.0000	0.0000	-1.1096	-14.2548	-104.8920	35.97	-668	-159	-119	0.60379	-0.10422	-0.06796	-0.78735
0x51	 16:43:49.804	0.2505	-0.0190	0.9844	0.0000	0.0000	0.0000	-1.1096	-14.2548	-104.8920	35.97	-669	-159	-120	0.60379	-0.10422	-0.06796	-0.78732
0x51	 16:43:49.810	0.2500	-0.0200	0.9849	0.0000	0.0000	0.0000	-1.1096	-14.2548	-104.8865	36.00	-669	-159	-120	0.60379	-0.10422	-0.06796	-0.78732
0x51	 16:43:49.816	0.2500	-0.0200	0.9849	0.0000	0.0000	0.0000	-1.1096	-14.2548	-104.8865	36.00	-669	-159	-121	0.60382	-0.10422	-0.06796	-0.78732
0x51	 16:43:49.823	0.2500	-0.0200	0.9849	0.0000	0.0000	0.0000	-1.1096	-14.2548	-104.8865	36.00	-668	-159	-121	0.60382	-0.10422	-0.06796	-0.78732
0x51	 16:43:49.824	0.2500	-0.0200	0.9849	0.0000	0.0000	0.0000	-1.1096	-14.2548	-104.8865	36.00	-667	-161	-121	0.60382	-0.10422	-0.06796	-0.78732
0x51	 16:43:49.830	0.2505	-0.0195	0.9839	0.0000	0.0000	0.0000	-1.1096	-14.2548	-104.8865	35.97	-667	-162	-120	0.60382	-0.10422	-0.06796	-0.78732
0x51	 16:43:49.833	0.2505	-0.0195	0.9839	0.0000	0.0000	0.0000	-1.1096	-14.2548	-104.8865	35.97	-667	-164	-120	0.60382	-0.10422	-0.06796	-0.78732
0x51	 16:43:49.874	0.2505	-0.0195	0.9839	0.0000	0.0000	0.0000	-1.1096	-14.2548	-104.8865	35.97	-668	-165	-120	0.60379	-0.10422	-0.06796	-0.78732
0x51	 16:43:49.874	0.2505	-0.0195	0.9839	0.0000	0.0000	0.0000	-1.1096	-14.2548	-104.8920	35.97	-668	-165	-120	0.60379	-0.10422	-0.06796	-0.78732
0x51	 16:43:49.875	0.2505	-0.0190	0.9844	0.0000	0.0000	0.0000	-1.1096	-14.2548	-104.8920	35.93	-668	-166	-120	0.60379	-0.10422	-0.06796	-0.78735
0x51	 16:43:49.875	0.2505	-0.0190	0.9844	0.0000	0.0000	0.0000	-1.1096	-14.2548	-104.8920	35.93	-668	-166	-121	0.60379	-0.10422	-0.06796	-0.78735
0x51	 16:43:49.875	0.2505	-0.0190	0.9844	0.0000	0.0000	0.0000	-1.1096	-14.2548	-104.8920	35.93	-668	-167	-121	0.60379	-0.10422	-0.06796	-0.78735
0x51	 16:43:49.875	0.2505	-0.0190	0.9844	0.0000	0.0000	0.0000	-1.1096	-14.2548	-104.8920	35.93	-668	-165	-121	0.60376	-0.10422	-0.06796	-0.78735
0x51	 16:43:49.875	0.2505	-0.0195	0.9849	0.0000	0.0000	0.0000	-1.1096	-14.2548	-104.8920	35.97	-669	-163	-121	0.60376	-0.10422	-0.06796	-0.78735
0x51	 16:43:49.875	0.2505	-0.0195	0.9849	0.0000	0.0000	0.0000	-1.1096	-14.2548	-104.8920	35.97	-669	-163	-121	0.60376	-0.10422	-0.06796	-0.78735
0x51	 16:43:49.880	0.2505	-0.0195	0.9849	0.0000	0.0000	0.0000	-1.1096	-14.2548	-104.8920	35.97	-669	-163	-120	0.60376	-0.10422	-0.06796	-0.78735
0x51	 16:43:49.897	0.2505	-0.0195	0.9849	0.0000	0.0000	0.0000	-1.1096	-14.2548	-104.8920	35.97	-669	-163	-120	0.60376	-0.10422	-0.06796	-0.78735
0x51	 16:43:49.897	0.2495	-0.0190	0.9849	0.0000	0.0000	0.0000	-1.1096	-14.2548	-104.8920	35.98	-669	-162	-121	0.60376	-0.10422	-0.06796	-0.78735
0x51	 16:43:49.897	0.2495	-0.0190	0.9849	0.0000	0.0000	0.0000	-1.1096	-14.2548	-104.8920	35.98	-669	-162	-121	0.60376	-0.10422	-0.06796	-0.78735
0x51	 16:43:49.913	0.2495	-0.0190	0.9849	0.0000	0.0000	0.0000	-1.1096	-14.2548	-104.8920	35.98	-668	-163	-121	0.60376	-0.10422	-0.06796	-0.78735
0x51	 16:43:49.913	0.2495	-0.0190	0.9849	0.0000	0.0000	0.0000	-1.1096	-14.2548	-104.8920	35.98	-668	-163	-121	0.60376	-0.10422	-0.06796	-0.78735
0x51	 16:43:49.913	0.2495	-0.0200	0.9854	0.0000	0.0000	0.0000	-1.1096	-14.2548	-104.8920	36.00	-667	-163	-121	0.60376	-0.10422	-0.06796	-0.78735
0x51	 16:43:49.929	0.2495	-0.0200	0.9854	0.0000	0.0000	0.0000	-1.1096	-14.2548	-104.8920	36.00	-667	-163	-121	0.60376	-0.10422	-0.06796	-0.78735
0x51	 16:43:49.929	0.2495	-0.0200	0.9854	0.0000	0.0000	0.0000	-1.1096	-14.2548	-104.8975	36.00	-668	-163	-122	0.60376	-0.10422	-0.06796	-0.78735
0x51	 16:43:49.929	0.2495	-0.0200	0.9854	0.0000	0.0000	0.0000	-1.1096	-14.2548	-104.8975	36.00	-668	-164	-122	0.60376	-0.10422	-0.06796	-0.78735
0x51	 16:43:49.929	0.2505	-0.0190	0.9849	0.0000	0.0000	0.0000	-1.1096	-14.2548	-104.8975	35.94	-668	-163	-122	0.60376	-0.10422	-0.06796	-0.78738
0x51	 16:43:49.945	0.2505	-0.0190	0.9849	0.0000	0.0000	0.0000	-1.1096	-14.2548	-104.8975	35.94	-667	-162	-123	0.60376	-0.10422	-0.06796	-0.78738
0x51	 16:43:49.945	0.2505	-0.0190	0.9849	0.0000	0.0000	0.0000	-1.1096	-14.2548	-104.8975	35.94	-667	-160	-123	0.60376	-0.10422	-0.06796	-0.78735
0x51	 16:43:49.945	0.2505	-0.0190	0.9849	0.0000	0.0000	0.0000	-1.1096	-14.2548	-104.8920	35.94	-666	-159	-123	0.60376	-0.10422	-0.06796	-0.78735
