StartTime: 2021-08-30 17:51:34.444
address	Time(s)	ax(g)	ay(g)	az(g)	wx(deg/s)	wy(deg/s)	wz(deg/s)	AngleX(deg)	AngleY(deg)	AngleZ(deg)	T(°)	hx	hy	hz	D0	D1	D2	D3	Pressure(Pa)	Altitude(m)	Lon(deg)	Lat(deg)	GPSHeight(m)	GPSYaw(deg)	GPSV(km/h)	q0	q1	q2	q3	SV	PDOP	HDOP	VDOP
COM11	 17:51:44.704	0.4707	-0.8291	-0.3027	-365.6616	-314.0869	191.5283	91.0876	57.5848	-94.4110	37.3000	-30	-322	216	0	0	0	0	0	0.00	0.00000000	0.00000000	0.0	0.0	0.000	0.00000	0.00000	0.00000	0.00000	0	0.00	0.00	0.00
COM11	 17:51:44.716	0.4146	-0.6333	-0.1553	-355.7739	-322.0825	204.9561	83.6005	55.8270	-99.4702	37.3000	-31	-323	210	0	0	0	0	0	0.00	0.00000000	0.00000000	0.0	0.0	0.000	0.00000	0.00000	0.00000	0.00000	0	0.00	0.00	0.00
COM11	 17:51:44.722	0.3618	-0.4746	-0.0405	-355.7739	-327.1484	212.7686	80.0848	54.7449	-101.7993	37.4200	-35	-323	200	0	0	0	0	0	0.00	0.00000000	0.00000000	0.0	0.0	0.000	0.00000	0.00000	0.00000	0.00000	0	0.00	0.00	0.00
COM11	 17:51:44.726	0.4307	-0.2871	0.1060	-357.6050	-328.2471	211.7920	76.7340	53.5858	-103.9526	37.4900	-38	-323	194	0	0	0	0	0	0.00	0.00000000	0.00000000	0.0	0.0	0.000	0.00000	0.00000	0.00000	0.00000	0	0.00	0.00	0.00
COM11	 17:51:44.757	0.4868	-0.2402	0.1533	-366.7603	-323.6694	200.5615	73.5535	52.3883	-105.9192	37.2300	-40	-322	189	0	0	0	0	0	0.00	0.00000000	0.00000000	0.0	0.0	0.000	0.00000	0.00000	0.00000	0.00000	0	0.00	0.00	0.00
COM11	 17:51:44.763	0.5825	-0.2378	0.1680	-373.2910	-320.6787	190.9180	67.5659	49.9274	-109.3524	37.1100	-44	-321	183	0	0	0	0	0	0.00	0.00000000	0.00000000	0.0	0.0	0.000	0.00000	0.00000	0.00000	0.00000	0	0.00	0.00	0.00
COM11	 17:51:44.768	0.6924	-0.2363	0.1914	-376.5259	-316.2231	186.1572	64.7644	48.6749	-110.8301	37.3000	-52	-319	171	0	0	0	0	0	0.00	0.00000000	0.00000000	0.0	0.0	0.000	0.00000	0.00000	0.00000	0.00000	0	0.00	0.00	0.00
COM11	 17:51:44.772	0.7085	-0.2744	0.3413	-381.5918	-309.2651	184.3872	62.0947	47.4005	-112.1320	37.4900	-55	-318	165	0	0	0	0	0	0.00	0.00000000	0.00000000	0.0	0.0	0.000	0.00000	0.00000	0.00000	0.00000	0	0.00	0.00	0.00
COM11	 17:51:44.778	0.7227	-0.2686	0.4268	-399.5972	-295.9595	169.9219	59.5129	46.1261	-113.2910	37.3600	-60	-316	160	0	0	0	0	0	0.00	0.00000000	0.00000000	0.0	0.0	0.000	0.00000	0.00000	0.00000	0.00000	0	0.00	0.00	0.00
COM11	 17:51:44.779	0.7300	-0.2061	0.5693	-412.3535	-284.8511	158.9355	54.5306	43.6597	-115.2136	37.3600	-64	-314	155	0	0	0	0	0	0.00	0.00000000	0.00000000	0.0	0.0	0.000	0.00000	0.00000	0.00000	0.00000	0	0.00	0.00	0.00
COM11	 17:51:44.787	0.8008	-0.1865	0.6519	-433.2275	-273.6206	139.3433	52.0367	42.5281	-116.0266	37.3000	-74	-310	145	0	0	0	0	0	0.00	0.00000000	0.00000000	0.0	0.0	0.000	0.00000	0.00000	0.00000	0.00000	0	0.00	0.00	0.00
COM11	 17:51:44.793	1.2598	-0.2856	1.0542	-503.5400	-330.0781	144.0430	48.4937	40.6769	-117.2296	37.3000	-79	-307	140	0	0	0	0	0	0.00	0.00000000	0.00000000	0.0	0.0	0.000	0.00000	0.00000	0.00000	0.00000	0	0.00	0.00	0.00
COM11	 17:51:44.799	1.1504	-0.2705	0.9712	-485.2905	-262.5732	119.8120	45.1648	38.7378	-118.0481	37.3000	-83	-304	135	0	0	0	0	0	0.00	0.00000000	0.00000000	0.0	0.0	0.000	0.00000	0.00000	0.00000	0.00000	0	0.00	0.00	0.00
COM11	 17:51:44.800	0.8784	0.0024	1.5049	-495.5444	-248.2300	102.7832	38.9960	35.6396	-119.3774	37.3600	-88	-299	129	0	0	0	0	0	0.00	0.00000000	0.00000000	0.0	0.0	0.000	0.00000	0.00000	0.00000	0.00000	0	0.00	0.00	0.00
COM11	 17:51:44.806	0.6519	0.0757	1.6753	-515.1978	-277.6489	121.9482	35.8923	33.9532	-119.9213	37.3600	-98	-291	119	0	0	0	0	0	0.00	0.00000000	0.00000000	0.0	0.0	0.000	0.00000	0.00000	0.00000	0.00000	0	0.00	0.00	0.00
COM11	 17:51:44.812	0.8516	0.2671	1.9702	-503.9063	-309.7534	137.2681	32.8986	32.0911	-120.3882	37.3600	-103	-287	115	0	0	0	0	0	0.00	0.00000000	0.00000000	0.0	0.0	0.000	0.00000	0.00000	0.00000	0.00000	0	0.00	0.00	0.00
COM11	 17:51:44.816	0.9336	0.4141	2.2324	-459.8389	-345.0317	160.0342	27.4768	28.0481	-121.0529	37.3000	-109	-282	111	0	0	0	0	0	0.00	0.00000000	0.00000000	0.0	0.0	0.000	0.00000	0.00000	0.00000	0.00000	0	0.00	0.00	0.00
COM11	 17:51:44.824	1.1240	0.5674	2.3799	-431.3354	-333.8623	163.0249	25.1038	26.0266	-121.1682	37.3600	-120	-270	103	0	0	0	0	0	0.00	0.00000000	0.00000000	0.0	0.0	0.000	0.00000	0.00000	0.00000	0.00000	0	0.00	0.00	0.00
COM11	 17:51:44.825	0.8384	0.6851	2.7612	-404.2358	-306.2744	143.5547	22.9120	24.1809	-121.2396	37.2300	-125	-264	99	0	0	0	0	0	0.00	0.00000000	0.00000000	0.0	0.0	0.000	0.00000	0.00000	0.00000	0.00000	0	0.00	0.00	0.00
COM11	 17:51:44.830	0.6641	0.8242	2.8730	-336.2427	-288.2080	108.7036	20.9454	22.4615	-121.2946	37.3600	-131	-256	95	0	0	0	0	0	0.00	0.00000000	0.00000000	0.0	0.0	0.000	0.00000	0.00000	0.00000	0.00000	0	0.00	0.00	0.00
COM11	 17:51:44.838	0.6650	0.8608	2.9795	-299.1943	-293.8843	97.6563	17.5177	19.1107	-121.4648	37.3000	-137	-250	92	0	0	0	0	0	0.00	0.00000000	0.00000000	0.0	0.0	0.000	0.00000	0.00000	0.00000	0.00000	0	0.00	0.00	0.00
COM11	 17:51:44.838	0.7271	0.8164	3.0547	-266.2354	-294.0063	84.4727	16.0785	17.4573	-121.5692	37.3600	-148	-236	87	0	0	0	0	0	0.00	0.00000000	0.00000000	0.0	0.0	0.000	0.00000	0.00000	0.00000	0.00000	0	0.00	0.00	0.00
COM11	 17:51:44.845	0.6650	0.8877	3.2817	-232.4219	-291.6260	71.8384	14.8206	15.8423	-121.6956	37.2300	-153	-229	86	0	0	0	0	0	0.00	0.00000000	0.00000000	0.0	0.0	0.000	0.00000	0.00000	0.00000	0.00000	0	0.00	0.00	0.00
COM11	 17:51:44.851	0.6270	0.8936	3.3740	-176.4526	-282.8979	33.3862	13.7164	14.2657	-121.8823	37.3000	-158	-222	85	0	0	0	0	0	0.00	0.00000000	0.00000000	0.0	0.0	0.000	0.00000	0.00000	0.00000	0.00000	0	0.00	0.00	0.00
COM11	 17:51:44.858	0.5234	0.7666	3.4233	-151.0010	-275.9399	22.2778	11.8982	11.2885	-122.3602	37.3000	-162	-215	85	0	0	0	0	0	0.00	0.00000000	0.00000000	0.0	0.0	0.000	0.00000	0.00000	0.00000	0.00000	0	0.00	0.00	0.00
COM11	 17:51:44.865	0.3750	0.6831	3.4790	-125.8545	-268.1274	16.9067	11.1951	9.8712	-122.6019	37.1100	-170	-203	87	0	0	0	0	0	0.00	0.00000000	0.00000000	0.0	0.0	0.000	0.00000	0.00000	0.00000	0.00000	0	0.00	0.00	0.00
COM11	 17:51:44.875	0.0850	0.5078	3.4912	-106.8115	-263.3667	17.9443	10.6018	8.4814	-122.8162	37.3600	-174	-197	89	0	0	0	0	0	0.00	0.00000000	0.00000000	0.0	0.0	0.000	0.00000	0.00000	0.00000	0.00000	0	0.00	0.00	0.00
COM11	 17:51:44.878	-0.0347	0.3745	3.4424	-74.6460	-245.7275	32.4097	10.1019	7.1301	-122.9700	37.4200	-177	-192	91	0	0	0	0	0	0.00	0.00000000	0.00000000	0.0	0.0	0.000	0.00000	0.00000	0.00000	0.00000	0	0.00	0.00	0.00
COM11	 17:51:44.887	-0.1782	0.2598	3.3813	-60.6689	-228.6377	39.2456	9.3768	4.6143	-123.0908	37.3600	-180	-188	94	0	0	0	0	0	0.00	0.00000000	0.00000000	0.0	0.0	0.000	0.00000	0.00000	0.00000	0.00000	0	0.00	0.00	0.00
COM11	 17:51:44.892	-0.3325	0.1699	3.3511	-48.0957	-206.6650	41.9312	9.1187	3.5156	-123.0853	37.3600	-185	-179	99	0	0	0	0	0	0.00	0.00000000	0.00000000	0.0	0.0	0.000	0.00000	0.00000	0.00000	0.00000	0	0.00	0.00	0.00
COM11	 17:51:44.898	-0.5142	0.0435	3.3696	-14.0991	-182.0679	28.6255	9.0308	2.5598	-123.1128	37.4200	-187	-174	103	0	0	0	0	0	0.00	0.00000000	0.00000000	0.0	0.0	0.000	0.00000	0.00000	0.00000	0.00000	0	0.00	0.00	0.00
COM11	 17:51:44.905	-0.5977	0.0288	3.2676	18.2495	-126.9531	33.2031	8.9978	1.7578	-123.1238	37.3600	-188	-170	105	0	0	0	0	0	0.00	0.00000000	0.00000000	0.0	0.0	0.000	0.00000	0.00000	0.00000	0.00000	0	0.00	0.00	0.00
COM11	 17:51:44.909	-0.5977	0.0288	3.2676	41.9922	-104.4312	32.5928	9.2615	0.5219	-123.0249	37.3600	-190	-166	108	0	0	0	0	0	0.00	0.00000000	0.00000000	0.0	0.0	0.000	0.00000	0.00000	0.00000	0.00000	0	0.00	0.00	0.00
COM11	 17:51:44.914	-0.6255	0.1323	3.2119	55.7251	-86.5479	34.7900	9.2615	0.5219	-123.0249	37.3600	-192	-159	114	0	0	0	0	0	0.00	0.00000000	0.00000000	0.0	0.0	0.000	0.00000	0.00000	0.00000	0.00000	0	0.00	0.00	0.00
COM11	 17:51:44.919	-0.4429	0.2568	3.2607	71.4722	-66.3452	31.7993	9.8547	-0.3076	-122.8601	37.3600	-193	-156	117	0	0	0	0	0	0.00	0.00000000	0.00000000	0.0	0.0	0.000	0.00000	0.00000	0.00000	0.00000	0	0.00	0.00	0.00
COM11	 17:51:44.925	-0.4092	0.2935	3.1582	70.6787	-5.3101	40.5273	10.1843	-0.4944	-122.7338	37.3000	-195	-154	120	0	0	0	0	0	0.00	0.00000000	0.00000000	0.0	0.0	0.000	0.00000	0.00000	0.00000	0.00000	0	0.00	0.00	0.00
COM11	 17:51:44.930	-0.3994	0.3218	3.0107	87.2803	10.8643	36.3159	10.9259	-0.5493	-122.3877	37.4200	-196	-151	123	0	0	0	0	0	0.00	0.00000000	0.00000000	0.0	0.0	0.000	0.00000	0.00000	0.00000	0.00000	0	0.00	0.00	0.00
COM11	 17:51:44.937	-0.3359	0.3530	2.9458	103.9429	23.8647	28.5034	11.4258	-0.4614	-122.2394	37.3600	-198	-146	127	0	0	0	0	0	0.00	0.00000000	0.00000000	0.0	0.0	0.000	0.00000	0.00000	0.00000	0.00000	0	0.00	0.00	0.00
COM11	 17:51:44.949	-0.2041	0.3877	2.6353	121.7041	29.8462	17.7002	12.0081	-0.3296	-122.1350	37.3000	-199	-144	130	0	0	0	0	0	0.00	0.00000000	0.00000000	0.0	0.0	0.000	0.00000	0.00000	0.00000	0.00000	0	0.00	0.00	0.00
COM11	 17:51:44.953	-0.1367	0.3374	2.5542	157.4097	45.2271	-9.8877	12.7002	-0.1538	-122.1075	37.3600	-200	-142	132	0	0	0	0	0	0.00	0.00000000	0.00000000	0.0	0.0	0.000	0.00000	0.00000	0.00000	0.00000	0	0.00	0.00	0.00
COM11	 17:51:44.960	-0.0947	0.2959	2.4692	161.3770	58.4717	-13.5498	14.2383	0.3680	-122.1240	37.4200	-201	-140	133	0	0	0	0	0	0.00	0.00000000	0.00000000	0.0	0.0	0.000	0.00000	0.00000	0.00000	0.00000	0	0.00	0.00	0.00
COM11	 17:51:44.966	0.0327	0.2949	2.1831	160.5835	77.8809	-15.6250	15.0128	0.7635	-122.1130	37.2300	-203	-138	136	0	0	0	0	0	0.00	0.00000000	0.00000000	0.0	0.0	0.000	0.00000	0.00000	0.00000	0.00000	0	0.00	0.00	0.00
COM11	 17:51:44.974	0.1147	0.3145	2.1035	164.0625	98.9990	-8.7891	15.7544	1.1975	-122.0416	37.3000	-204	-137	138	0	0	0	0	0	0.00	0.00000000	0.00000000	0.0	0.0	0.000	0.00000	0.00000	0.00000	0.00000	0	0.00	0.00	0.00
COM11	 17:51:44.980	0.1499	0.2261	1.9458	168.9453	105.5298	-2.2583	17.3529	2.1808	-121.8219	37.3000	-205	-136	138	0	0	0	0	0	0.00	0.00000000	0.00000000	0.0	0.0	0.000	0.00000	0.00000	0.00000	0.00000	0	0.00	0.00	0.00
COM11	 17:51:44.986	0.0669	0.0732	1.7715	174.8657	110.2905	11.7188	18.1989	2.6807	-121.6132	37.2300	-206	-135	140	0	0	0	0	0	0.00	0.00000000	0.00000000	0.0	0.0	0.000	0.00000	0.00000	0.00000	0.00000	0	0.00	0.00	0.00
COM11	 17:51:44.990	-0.2065	0.0605	1.5640	180.7861	115.2954	13.0615	19.0723	3.1970	-121.3770	37.3600	-207	-135	140	0	0	0	0	0	0.00	0.00000000	0.00000000	0.0	0.0	0.000	0.00000	0.00000	0.00000	0.00000	0	0.00	0.00	0.00
COM11	 17:51:44.997	-0.1729	0.0483	1.5532	186.0962	143.4326	-24.4141	20.0171	3.8013	-121.2561	37.2300	-208	-136	142	0	0	0	0	0	0.00	0.00000000	0.00000000	0.0	0.0	0.000	0.00000	0.00000	0.00000	0.00000	0	0.00	0.00	0.00
COM11	 17:51:45.004	-0.1753	0.0957	1.5068	174.4385	166.1987	-27.7100	21.7419	5.3119	-120.9760	37.2300	-210	-137	144	0	0	0	0	0	0.00	0.00000000	0.00000000	0.0	0.0	0.000	0.00000	0.00000	0.00000	0.00000	0	0.00	0.00	0.00
COM11	 17:51:45.013	-0.1191	0.2256	1.4995	165.0391	186.4014	-28.5034	22.5330	6.2128	-120.7672	37.2300	-212	-137	143	0	0	0	0	0	0.00	0.00000000	0.00000000	0.0	0.0	0.000	0.00000	0.00000	0.00000	0.00000	0	0.00	0.00	0.00
COM11	 17:51:45.018	-0.0874	0.3535	1.4551	155.8838	217.5903	-27.0996	23.2910	7.1906	-120.4980	37.3000	-213	-138	142	0	0	0	0	0	0.00	0.00000000	0.00000000	0.0	0.0	0.000	0.00000	0.00000	0.00000	0.00000	0	0.00	0.00	0.00
COM11	 17:51:45.026	-0.0195	0.4585	1.4551	160.6445	229.4922	-32.1655	24.8511	9.3054	-119.8883	37.2300	-214	-139	141	0	0	0	0	0	0.00	0.00000000	0.00000000	0.0	0.0	0.000	0.00000	0.00000	0.00000	0.00000	0	0.00	0.00	0.00
COM11	 17:51:45.073	0.3276	0.7959	1.5313	194.3359	249.2676	-68.6646	26.6858	11.7004	-119.3994	37.3000	-217	-142	136	0	0	0	0	0	0.00	0.00000000	0.00000000	0.0	0.0	0.000	0.00000	0.00000	0.00000	0.00000	0	0.00	0.00	0.00
COM11	 17:51:45.073	0.3276	0.7959	1.5313	215.8203	272.8271	-99.1211	27.7130	13.0353	-119.2126	37.3000	-218	-143	133	0	0	0	0	0	0.00	0.00000000	0.00000000	0.0	0.0	0.000	0.00000	0.00000	0.00000	0.00000	0	0.00	0.00	0.00
COM11	 17:51:45.074	0.5439	0.9795	1.5093	228.5156	277.4658	-102.1118	29.9158	15.8423	-118.8171	37.3000	-218	-146	131	0	0	0	0	0	0.00	0.00000000	0.00000000	0.0	0.0	0.000	0.00000	0.00000	0.00000	0.00000	0	0.00	0.00	0.00
COM11	 17:51:45.074	0.5991	1.1328	1.4551	277.2217	272.6440	-122.1313	31.1682	17.2540	-118.6084	37.4200	-218	-151	126	0	0	0	0	0	0.00	0.00000000	0.00000000	0.0	0.0	0.000	0.00000	0.00000	0.00000	0.00000	0	0.00	0.00	0.00
COM11	 17:51:45.075	0.5923	1.1592	1.4170	311.2183	263.6108	-141.2354	34.0851	20.0995	-118.3447	37.3600	-218	-153	123	0	0	0	0	0	0.00	0.00000000	0.00000000	0.0	0.0	0.000	0.00000	0.00000	0.00000	0.00000	0	0.00	0.00	0.00
COM11	 17:51:45.075	0.6270	1.1538	1.4448	346.6797	252.9297	-165.4053	35.7605	21.5387	-118.3447	37.0500	-217	-160	117	0	0	0	0	0	0.00	0.00000000	0.00000000	0.0	0.0	0.000	0.00000	0.00000	0.00000	0.00000	0	0.00	0.00	0.00
COM11	 17:51:45.077	0.9971	1.2480	1.5229	382.2632	245.4224	-191.5894	35.7605	21.5387	-118.3447	37.1100	-216	-165	114	0	0	0	0	0	0.00	0.00000000	0.00000000	0.0	0.0	0.000	0.00000	0.00000	0.00000	0.00000	0	0.00	0.00	0.00
COM11	 17:51:45.085	1.1743	1.2686	1.5405	429.9927	247.9858	-203.3691	39.5123	24.5544	-118.5535	37.3000	-215	-169	111	0	0	0	0	0	0.00	0.00000000	0.00000000	0.0	0.0	0.000	0.00000	0.00000	0.00000	0.00000	0	0.00	0.00	0.00
COM11	 17:51:45.093	1.2510	1.2925	1.5166	448.0591	247.3755	-186.1572	43.8080	27.5098	-118.4821	37.2300	-213	-174	110	0	0	0	0	0	0.00	0.00000000	0.00000000	0.0	0.0	0.000	0.00000	0.00000	0.00000	0.00000	0	0.00	0.00	0.00
COM11	 17:51:45.098	1.1919	1.2568	1.4917	462.7075	247.3145	-178.9551	46.1481	28.9160	-118.2898	37.4200	-209	-185	108	0	0	0	0	0	0.00	0.00000000	0.00000000	0.0	0.0	0.000	0.00000	0.00000	0.00000	0.00000	0	0.00	0.00	0.00
COM11	 17:51:45.104	1.0078	0.9614	1.3975	481.3843	247.8638	-184.5703	48.6035	30.3278	-118.0536	37.3600	-206	-190	108	0	0	0	0	0	0.00	0.00000000	0.00000000	0.0	0.0	0.000	0.00000	0.00000	0.00000	0.00000	0	0.00	0.00	0.00
COM11	 17:51:45.110	1.0342	0.8521	1.3472	556.6406	223.2056	-201.5991	51.2402	31.7340	-117.8229	37.1100	-203	-196	108	0	0	0	0	0	0.00	0.00000000	0.00000000	0.0	0.0	0.000	0.00000	0.00000	0.00000	0.00000	0	0.00	0.00	0.00
COM11	 17:51:45.116	1.0059	0.7300	1.2476	598.5718	199.3408	-210.9985	57.0520	34.4147	-117.4658	37.4200	-200	-202	108	0	0	0	0	0	0.00	0.00000000	0.00000000	0.0	0.0	0.000	0.00000	0.00000	0.00000	0.00000	0	0.00	0.00	0.00
COM11	 17:51:45.119	1.0308	0.5264	1.2080	624.0234	176.0254	-213.9282	60.1392	35.6726	-117.3669	37.3600	-192	-215	109	0	0	0	0	0	0.00	0.00000000	0.00000000	0.0	0.0	0.000	0.00000	0.00000	0.00000	0.00000	0	0.00	0.00	0.00
COM11	 17:51:45.125	0.8521	0.0586	0.9507	641.7847	153.6865	-220.7642	63.2758	36.8921	-117.3285	37.3600	-188	-221	112	0	0	0	0	0	0.00	0.00000000	0.00000000	0.0	0.0	0.000	0.00000	0.00000	0.00000	0.00000	0	0.00	0.00	0.00
COM11	 17:51:45.133	0.7354	-0.1284	0.8247	664.3066	113.5254	-240.1123	66.4288	38.1006	-117.3615	37.3600	-185	-226	114	0	0	0	0	0	0.00	0.00000000	0.00000000	0.0	0.0	0.000	0.00000	0.00000	0.00000	0.00000	0	0.00	0.00	0.00
COM11	 17:51:45.136	0.6030	-0.2788	0.6953	670.7153	95.0928	-243.8965	72.7515	40.5121	-117.5592	37.3600	-180	-233	119	0	0	0	0	0	0.00	0.00000000	0.00000000	0.0	0.0	0.000	0.00000	0.00000	0.00000	0.00000	0	0.00	0.00	0.00
COM11	 17:51:45.152	0.4580	-0.4321	0.5767	674.7437	76.4771	-239.5020	75.9045	41.6602	-117.7075	37.3600	-171	-245	129	0	0	0	0	0	0.00	0.00000000	0.00000000	0.0	0.0	0.000	0.00000	0.00000	0.00000	0.00000	0	0.00	0.00	0.00
COM11	 17:51:45.158	0.2461	-0.7783	0.3843	671.2646	60.3027	-223.3276	79.0302	42.7094	-117.8558	37.3600	-166	-250	135	0	0	0	0	0	0.00	0.00000000	0.00000000	0.0	0.0	0.000	0.00000	0.00000	0.00000	0.00000	0	0.00	0.00	0.00
COM11	 17:51:45.164	0.0498	-0.9561	0.2378	650.8179	43.0908	-174.4995	82.1118	43.6212	-117.9767	37.2300	-160	-255	142	0	0	0	0	0	0.00	0.00000000	0.00000000	0.0	0.0	0.000	0.00000	0.00000	0.00000	0.00000	0	0.00	0.00	0.00
COM11	 17:51:45.166	-0.1582	-1.0820	0.0972	636.6577	42.2974	-167.6636	88.1653	45.1813	-118.0865	37.2300	-155	-260	149	0	0	0	0	0	0.00	0.00000000	0.00000000	0.0	0.0	0.000	0.00000	0.00000	0.00000	0.00000	0	0.00	0.00	0.00
COM11	 17:51:45.172	-0.2622	-1.1826	0.0039	619.7510	44.6777	-158.5693	91.1261	45.9009	-118.0371	37.3600	-145	-268	166	0	0	0	0	0	0.00	0.00000000	0.00000000	0.0	0.0	0.000	0.00000	0.00000	0.00000	0.00000	0	0.00	0.00	0.00
COM11	 17:51:45.177	-0.2998	-1.3486	-0.2563	599.6704	48.6450	-140.3809	94.0320	46.5161	-117.9108	37.4900	-140	-270	177	0	0	0	0	0	0.00	0.00000000	0.00000000	0.0	0.0	0.000	0.00000	0.00000	0.00000	0.00000	0	0.00	0.00	0.00
COM11	 17:51:45.180	-0.3140	-1.4277	-0.3716	542.9688	63.8428	-115.5396	96.8719	47.0490	-117.6965	37.4900	-136	-272	186	0	0	0	0	0	0.00	0.00000000	0.00000000	0.0	0.0	0.000	0.00000	0.00000	0.00000	0.00000	0	0.00	0.00	0.00
COM11	 17:51:45.192	-0.3140	-1.4829	-0.4780	503.4790	70.4956	-102.0508	102.1838	47.9004	-117.0154	37.2300	-131	-274	197	0	0	0	0	0	0.00	0.00000000	0.00000000	0.0	0.0	0.000	0.00000	0.00000	0.00000	0.00000	0	0.00	0.00	0.00
COM11	 17:51:45.198	-0.3726	-1.4434	-0.6665	456.2988	78.0640	-102.1118	104.5734	48.2684	-116.5540	37.3000	-123	-276	217	0	0	0	0	0	0.00	0.00000000	0.00000000	0.0	0.0	0.000	0.00000	0.00000	0.00000	0.00000	0	0.00	0.00	0.00
COM11	 17:51:45.203	-0.4478	-1.4648	-0.8638	414.3677	83.4961	-109.8022	106.8091	48.6420	-116.0046	37.4200	-119	-277	228	0	0	0	0	0	0.00	0.00000000	0.00000000	0.0	0.0	0.000	0.00000	0.00000	0.00000	0.00000	0	0.00	0.00	0.00
COM11	 17:51:45.209	-0.4673	-1.4912	-0.9839	333.9233	83.8623	-121.8262	108.8745	49.0210	-115.3894	37.2300	-115	-275	237	0	0	0	0	0	0.00	0.00000000	0.00000000	0.0	0.0	0.000	0.00000	0.00000	0.00000	0.00000	0	0.00	0.00	0.00
COM11	 17:51:45.212	-0.4756	-1.5439	-1.0776	296.6919	78.9185	-125.5493	112.4670	49.7736	-114.0601	37.2300	-112	-273	246	0	0	0	0	0	0.00	0.00000000	0.00000000	0.0	0.0	0.000	0.00000	0.00000	0.00000	0.00000	0	0.00	0.00	0.00
COM11	 17:51:45.218	-0.5098	-1.6416	-1.1787	260.6812	71.4722	-128.9063	113.9996	50.1196	-113.3899	37.3600	-106	-269	262	0	0	0	0	0	0.00	0.00000000	0.00000000	0.0	0.0	0.000	0.00000	0.00000	0.00000	0.00000	0	0.00	0.00	0.00
COM11	 17:51:45.225	-0.5493	-1.7393	-1.3281	227.3560	62.5610	-131.1646	116.2518	50.7294	-112.2913	37.3000	-104	-266	270	0	0	0	0	0	0.00	0.00000000	0.00000000	0.0	0.0	0.000	0.00000	0.00000	0.00000	0.00000	0	0.00	0.00	0.00
COM11	 17:51:45.234	-0.5835	-1.7432	-1.3979	155.5176	49.4385	-121.5820	118.2953	51.3611	-111.2201	37.3000	-101	-264	277	0	0	0	0	0	0.00	0.00000000	0.00000000	0.0	0.0	0.000	0.00000	0.00000	0.00000	0.00000	0	0.00	0.00	0.00
COM11	 17:51:45.235	-0.6416	-1.7656	-1.3740	115.4785	40.7715	-113.5864	121.6681	52.5366	-109.1766	37.1100	-99	-261	284	0	0	0	0	0	0.00	0.00000000	0.00000000	0.0	0.0	0.000	0.00000	0.00000	0.00000	0.00000	0	0.00	0.00	0.00
COM11	 17:51:45.247	-0.7114	-1.7446	-1.3989	72.8760	36.2549	-107.1167	122.9865	53.0804	-108.1989	37.3600	-95	-257	297	0	0	0	0	0	0.00	0.00000000	0.00000000	0.0	0.0	0.000	0.00000	0.00000	0.00000	0.00000	0	0.00	0.00	0.00
COM11	 17:51:45.255	-0.8633	-1.7231	-1.3394	29.1138	31.7993	-102.4170	124.0576	53.6023	-107.2375	37.2300	-94	-256	302	0	0	0	0	0	0.00	0.00000000	0.00000000	0.0	0.0	0.000	0.00000	0.00000	0.00000	0.00000	0	0.00	0.00	0.00
COM11	 17:51:45.266	-0.9463	-1.7070	-1.3008	-56.3965	23.6206	-86.5479	124.8761	54.0912	-106.3147	37.3600	-91	-254	308	0	0	0	0	0	0.00	0.00000000	0.00000000	0.0	0.0	0.000	0.00000	0.00000	0.00000	0.00000	0	0.00	0.00	0.00
COM11	 17:51:45.269	-1.0308	-1.6973	-1.2383	-93.0786	16.9067	-75.8667	125.7495	54.9701	-104.6613	36.9800	-88	-252	312	0	0	0	0	0	0.00	0.00000000	0.00000000	0.0	0.0	0.000	0.00000	0.00000	0.00000	0.00000	0	0.00	0.00	0.00
COM11	 17:51:45.275	-1.0850	-1.6611	-1.1855	-126.1597	7.2021	-64.6362	125.7990	55.3711	-103.9966	37.4200	-85	-250	320	0	0	0	0	0	0.00	0.00000000	0.00000000	0.0	0.0	0.000	0.00000	0.00000	0.00000	0.00000	0	0.00	0.00	0.00
COM11	 17:51:45.279	-1.0703	-1.5156	-1.0737	-155.4565	-4.6387	-52.7954	125.5792	55.7501	-103.4692	37.3600	-83	-249	323	0	0	0	0	0	0.00	0.00000000	0.00000000	0.0	0.0	0.000	0.00000	0.00000	0.00000	0.00000	0	0.00	0.00	0.00
COM11	 17:51:45.283	-1.0249	-1.4658	-0.9780	-206.7261	-34.3628	-30.3345	125.0958	56.1237	-103.1012	37.3600	-82	-249	325	0	0	0	0	0	0.00	0.00000000	0.00000000	0.0	0.0	0.000	0.00000	0.00000	0.00000	0.00000	0	0.00	0.00	0.00
COM11	 17:51:45.303	-0.9429	-1.4292	-0.9048	-226.4404	-48.1567	-23.3765	123.3600	56.8762	-102.8705	37.2300	-80	-249	326	0	0	0	0	0	0.00	0.00000000	0.00000000	0.0	0.0	0.000	0.00000	0.00000	0.00000	0.00000	0	0.00	0.00	0.00
COM11	 17:51:45.308	-0.8481	-1.3540	-0.8447	-241.6382	-56.8848	-15.1367	122.2064	57.2443	-102.9474	37.3600	-76	-251	330	0	0	0	0	0	0.00	0.00000000	0.00000000	0.0	0.0	0.000	0.00000	0.00000	0.00000	0.00000	0	0.00	0.00	0.00
COM11	 17:51:45.314	-0.7188	-1.1260	-0.6924	-254.6387	-64.6362	-4.1504	120.8771	57.5793	-103.1506	37.4900	-74	-253	332	0	0	0	0	0	0.00	0.00000000	0.00000000	0.0	0.0	0.000	0.00000	0.00000	0.00000	0.00000	0	0.00	0.00	0.00
COM11	 17:51:45.317	-0.6646	-1.0044	-0.6089	-284.2407	-83.1299	27.1606	119.3500	57.8705	-103.5077	37.3000	-72	-255	331	0	0	0	0	0	0.00	0.00000000	0.00000000	0.0	0.0	0.000	0.00000	0.00000	0.00000	0.00000	0	0.00	0.00	0.00
COM11	 17:51:45.322	-0.6313	-0.8760	-0.5254	-298.8892	-93.2007	43.0908	115.6311	58.2715	-104.7272	37.3000	-70	-256	331	0	0	0	0	0	0.00	0.00000000	0.00000000	0.0	0.0	0.000	0.00000	0.00000	0.00000	0.00000	0	0.00	0.00	0.00
COM11	 17:51:45.328	-0.6104	-0.7681	-0.4419	-313.2324	-102.0508	55.6030	113.4778	58.3923	-105.5566	37.3000	-67	-260	330	0	0	0	0	0	0.00	0.00000000	0.00000000	0.0	0.0	0.000	0.00000	0.00000	0.00000	0.00000	0	0.00	0.00	0.00
COM11	 17:51:45.334	-0.6138	-0.5767	-0.2642	-326.0498	-108.3984	62.6831	111.1871	58.4692	-106.4740	37.4200	-65	-263	329	0	0	0	0	0	0.00	0.00000000	0.00000000	0.0	0.0	0.000	0.00000	0.00000	0.00000	0.00000	0	0.00	0.00	0.00
COM11	 17:51:45.337	-0.6050	-0.4814	-0.1938	-354.7974	-115.7227	62.6221	108.7756	58.5297	-107.4518	37.1100	-64	-266	328	0	0	0	0	0	0.00	0.00000000	0.00000000	0.0	0.0	0.000	0.00000	0.00000	0.00000	0.00000	0	0.00	0.00	0.00
COM11	 17:51:45.342	-0.6167	-0.4102	-0.1113	-369.4458	-116.6382	58.5938	103.7054	58.6230	-109.4348	37.1100	-63	-269	325	0	0	0	0	0	0.00	0.00000000	0.00000000	0.0	0.0	0.000	0.00000	0.00000	0.00000	0.00000	0	0.00	0.00	0.00
COM11	 17:51:45.348	-0.6230	-0.3594	-0.0166	-383.8501	-118.6523	53.2227	103.7054	58.6230	-109.4348	37.3000	-61	-274	318	0	0	0	0	0	0.00	0.00000000	0.00000000	0.0	0.0	0.000	0.00000	0.00000	0.00000	0.00000	0	0.00	0.00	0.00
COM11	 17:51:45.351	-0.5806	-0.2251	0.1328	-394.4092	-119.1406	50.1099	98.3496	58.7109	-111.4453	37.3600	-60	-277	314	0	0	0	0	0	0.00	0.00000000	0.00000000	0.0	0.0	0.000	0.00000	0.00000	0.00000	0.00000	0	0.00	0.00	0.00
COM11	 17:51:45.365	-0.5552	-0.0601	0.3711	-405.7617	-112.9150	55.2368	90.1703	58.6285	-114.3842	37.4200	-59	-285	307	0	0	0	0	0	0.00	0.00000000	0.00000000	0.0	0.0	0.000	0.00000	0.00000	0.00000	0.00000	0	0.00	0.00	0.00
COM11	 17:51:45.370	-0.5273	0.0767	0.4434	-408.8135	-100.8301	53.8330	87.5446	58.5516	-115.2136	37.3600	-59	-290	297	0	0	0	0	0	0.00	0.00000000	0.00000000	0.0	0.0	0.000	0.00000	0.00000	0.00000	0.00000	0	0.00	0.00	0.00
COM11	 17:51:45.376	-0.6475	0.4434	0.6113	-412.9028	-81.4209	50.3540	85.0616	58.4802	-115.8563	37.3000	-59	-293	289	0	0	0	0	0	0.00	0.00000000	0.00000000	0.0	0.0	0.000	0.00000	0.00000	0.00000	0.00000	0	0.00	0.00	0.00
COM11	 17:51:45.379	-0.7300	0.5669	0.6636	-423.6450	-47.1802	30.5786	82.6831	58.4363	-116.3452	37.3000	-59	-296	283	0	0	0	0	0	0.00	0.00000000	0.00000000	0.0	0.0	0.000	0.00000	0.00000	0.00000	0.00000	0	0.00	0.00	0.00
COM11	 17:51:45.391	-0.8066	0.6074	0.6958	-429.0161	-34.3018	10.7422	78.1183	58.5626	-116.9879	37.3000	-59	-298	276	0	0	0	0	0	0.00	0.00000000	0.00000000	0.0	0.0	0.000	0.00000	0.00000	0.00000	0.00000	0	0.00	0.00	0.00
COM11	 17:51:45.397	-0.8232	0.6392	0.7012	-432.8003	-22.0947	-14.7095	75.8551	58.8043	-117.2406	37.2300	-60	-303	262	0	0	0	0	0	0.00	0.00000000	0.00000000	0.0	0.0	0.000	0.00000	0.00000	0.00000	0.00000	0	0.00	0.00	0.00
COM11	 17:51:45.406	-0.7866	0.6758	0.7261	-433.1055	-11.9019	-36.9873	73.5864	59.1449	-117.4823	37.2300	-60	-306	255	0	0	0	0	0	0.00	0.00000000	0.00000000	0.0	0.0	0.000	0.00000	0.00000	0.00000	0.00000	0	0.00	0.00	0.00
COM11	 17:51:45.409	-0.7695	0.6948	0.7241	-425.1709	3.9063	-58.5327	71.3177	59.5569	-117.7350	37.3000	-60	-309	246	0	0	0	0	0	0.00	0.00000000	0.00000000	0.0	0.0	0.000	0.00000	0.00000	0.00000	0.00000	0	0.00	0.00	0.00
COM11	 17:51:45.414	-0.7935	0.6890	0.7451	-419.0674	7.1411	-59.3262	66.8298	60.4303	-118.2568	37.3600	-61	-311	239	0	0	0	0	0	0.00	0.00000000	0.00000000	0.0	0.0	0.000	0.00000	0.00000	0.00000	0.00000	0	0.00	0.00	0.00
COM11	 17:51:45.429	-0.8013	0.6377	0.7612	-413.2080	5.0049	-55.6641	64.5667	60.8203	-118.5754	37.3600	-61	-315	222	0	0	0	0	0	0.00	0.00000000	0.00000000	0.0	0.0	0.000	0.00000	0.00000	0.00000	0.00000	0	0.00	0.00	0.00
COM11	 17:51:45.434	-0.7280	0.5884	0.7720	-406.6162	1.4038	-50.9033	62.2870	61.1664	-118.9435	37.3000	-61	-316	213	0	0	0	0	0	0.00	0.00000000	0.00000000	0.0	0.0	0.000	0.00000	0.00000	0.00000	0.00000	0	0.00	0.00	0.00
COM11	 17:51:45.435	-0.6929	0.6133	0.7974	-393.6157	-6.8970	-50.2930	59.9908	61.4685	-119.3610	37.3000	-61	-318	204	0	0	0	0	0	0.00	0.00000000	0.00000000	0.0	0.0	0.000	0.00000	0.00000	0.00000	0.00000	0	0.00	0.00	0.00
COM11	 17:51:45.440	-0.6255	0.6763	0.8037	-387.1460	-8.1787	-57.0068	55.2667	62.0343	-120.4541	37.1100	-61	-319	195	0	0	0	0	0	0.00	0.00000000	0.00000000	0.0	0.0	0.000	0.00000	0.00000	0.00000	0.00000	0	0.00	0.00	0.00
COM11	 17:51:45.447	-0.5923	0.7603	0.8252	-380.0659	-8.0566	-64.2090	52.8552	62.3254	-121.1078	37.4900	-60	-321	177	0	0	0	0	0	0.00	0.00000000	0.00000000	0.0	0.0	0.000	0.00000	0.00000	0.00000	0.00000	0	0.00	0.00	0.00
COM11	 17:51:45.454	-0.5620	0.8696	0.9219	-371.8262	-11.2305	-67.0776	50.4108	62.5946	-121.8384	37.2300	-60	-322	168	0	0	0	0	0	0.00	0.00000000	0.00000000	0.0	0.0	0.000	0.00000	0.00000	0.00000	0.00000	0	0.00	0.00	0.00
COM11	 17:51:45.456	-0.4712	0.9209	0.9795	-333.4351	-30.0903	-58.8989	47.9718	62.8033	-122.6459	37.2300	-60	-322	158	0	0	0	0	0	0.00	0.00000000	0.00000000	0.0	0.0	0.000	0.00000	0.00000	0.00000	0.00000	0	0.00	0.00	0.00
COM11	 17:51:45.461	-0.4238	1.0464	1.0259	-304.1382	-39.6729	-47.1191	43.3850	62.9407	-124.3652	37.2300	-59	-322	149	0	0	0	0	0	0.00	0.00000000	0.00000000	0.0	0.0	0.000	0.00000	0.00000	0.00000	0.00000	0	0.00	0.00	0.00
COM11	 17:51:45.469	-0.4302	1.2051	1.0732	-271.4844	-51.6968	-29.3579	41.3965	62.8253	-125.1563	37.3600	-59	-324	134	0	0	0	0	0	0.00	0.00000000	0.00000000	0.0	0.0	0.000	0.00000	0.00000	0.00000	0.00000	0	0.00	0.00	0.00
COM11	 17:51:45.480	-0.4546	1.3325	1.1006	-238.8916	-66.1621	-7.5684	39.6606	62.5616	-125.8484	37.1100	-58	-324	124	0	0	0	0	0	0.00	0.00000000	0.00000000	0.0	0.0	0.000	0.00000	0.00000	0.00000	0.00000	0	0.00	0.00	0.00
COM11	 17:51:45.483	-0.4448	1.2959	1.0840	-174.1943	-95.7642	29.7852	38.1720	62.1606	-126.4362	37.3000	-58	-323	116	0	0	0	0	0	0.00	0.00000000	0.00000000	0.0	0.0	0.000	0.00000	0.00000	0.00000	0.00000	0	0.00	0.00	0.00
COM11	 17:51:45.489	-0.4243	1.2803	1.0889	-138.3667	-105.9570	41.8701	35.9363	61.0181	-127.3810	37.3000	-57	-322	107	0	0	0	0	0	0.00	0.00000000	0.00000000	0.0	0.0	0.000	0.00000	0.00000	0.00000	0.00000	0	0.00	0.00	0.00
COM11	 17:51:45.494	-0.3999	1.2896	1.1001	-103.0273	-110.6567	48.8892	35.1727	60.3589	-127.7490	37.2300	-57	-319	92	0	0	0	0	0	0.00	0.00000000	0.00000000	0.0	0.0	0.000	0.00000	0.00000	0.00000	0.00000	0	0.00	0.00	0.00
COM11	 17:51:45.502	-0.4414	1.2495	1.1396	-71.6553	-112.3657	53.1616	34.6179	59.6722	-128.0676	37.1100	-57	-318	85	0	0	0	0	0	0.00	0.00000000	0.00000000	0.0	0.0	0.000	0.00000	0.00000	0.00000	0.00000	0	0.00	0.00	0.00
COM11	 17:51:45.505	-0.5195	1.2065	1.1631	-24.5361	-112.6709	49.5605	34.2004	58.9801	-128.3698	37.2300	-58	-317	79	0	0	0	0	0	0.00	0.00000000	0.00000000	0.0	0.0	0.000	0.00000	0.00000	0.00000	0.00000	0	0.00	0.00	0.00
COM11	 17:51:45.513	-0.6021	1.1479	1.1865	-4.0283	-111.5112	46.1426	33.6731	57.6233	-129.0015	37.3000	-59	-316	73	0	0	0	0	0	0.00	0.00000000	0.00000000	0.0	0.0	0.000	0.00000	0.00000	0.00000	0.00000	0	0.00	0.00	0.00
COM11	 17:51:45.523	-0.7021	1.0669	1.2065	15.0757	-110.7788	45.7764	33.5687	56.9586	-129.3091	37.3000	-60	-313	63	0	0	0	0	0	0.00	0.00000000	0.00000000	0.0	0.0	0.000	0.00000	0.00000	0.00000	0.00000	0	0.00	0.00	0.00
COM11	 17:51:45.529	-0.8120	0.8042	1.1885	34.2407	-111.0229	50.0488	33.5852	56.2775	-129.5728	37.3600	-62	-312	60	0	0	0	0	0	0.00	0.00000000	0.00000000	0.0	0.0	0.000	0.00000	0.00000	0.00000	0.00000	0	0.00	0.00	0.00
COM11	 17:51:45.532	-0.8091	0.6880	1.1465	69.6411	-106.9336	53.7720	33.7225	55.5908	-129.8145	37.3000	-63	-312	57	0	0	0	0	0	0.00	0.00000000	0.00000000	0.0	0.0	0.000	0.00000	0.00000	0.00000	0.00000	0	0.00	0.00	0.00
COM11	 17:51:45.537	-0.8032	0.6074	1.0879	83.1909	-101.5015	51.8799	34.2664	54.2834	-130.2319	37.3600	-65	-311	54	0	0	0	0	0	0.00	0.00000000	0.00000000	0.0	0.0	0.000	0.00000	0.00000	0.00000	0.00000	0	0.00	0.00	0.00
COM11	 17:51:45.548	-0.8018	0.5684	1.0732	91.6748	-95.2759	50.2319	34.6289	53.6792	-130.4187	37.2300	-69	-310	49	0	0	0	0	0	0.00	0.00000000	0.00000000	0.0	0.0	0.000	0.00000	0.00000	0.00000	0.00000	0	0.00	0.00	0.00
COM11	 17:51:45.554	-0.8062	0.5259	1.0005	94.1162	-88.6841	48.6450	35.0189	53.1079	-130.5890	37.3000	-71	-309	48	0	0	0	0	0	0.00	0.00000000	0.00000000	0.0	0.0	0.000	0.00000	0.00000	0.00000	0.00000	0	0.00	0.00	0.00
COM11	 17:51:45.559	-0.7993	0.5249	0.9785	89.1724	-72.2046	43.7012	35.4034	52.5751	-130.7483	37.1100	-73	-309	48	0	0	0	0	0	0.00	0.00000000	0.00000000	0.0	0.0	0.000	0.00000	0.00000	0.00000	0.00000	0	0.00	0.00	0.00
COM11	 17:51:45.564	-0.8047	0.5439	0.9702	83.6792	-62.6221	42.1143	36.1780	51.6577	-130.9845	37.3000	-75	-310	49	0	0	0	0	0	0.00	0.00000000	0.00000000	0.0	0.0	0.000	0.00000	0.00000	0.00000	0.00000	0	0.00	0.00	0.00
COM11	 17:51:45.572	-0.8228	0.5679	0.9888	78.7354	-53.8940	44.3726	36.5735	51.2567	-131.0339	37.1100	-78	-308	49	0	0	0	0	0	0.00	0.00000000	0.00000000	0.0	0.0	0.000	0.00000	0.00000	0.00000	0.00000	0	0.00	0.00	0.00
COM11	 17:51:45.577	-0.8804	0.5962	0.9683	74.7681	-45.1050	46.0815	36.9855	50.8832	-131.0284	37.3000	-80	-307	48	0	0	0	0	0	0.00	0.00000000	0.00000000	0.0	0.0	0.000	0.00000	0.00000	0.00000	0.00000	0	0.00	0.00	0.00
COM11	 17:51:45.580	-0.8877	0.6089	0.9468	80.9937	-30.1514	50.3540	37.4469	50.5316	-130.9790	37.4900	-82	-307	48	0	0	0	0	0	0.00	0.00000000	0.00000000	0.0	0.0	0.000	0.00000	0.00000	0.00000	0.00000	0	0.00	0.00	0.00
COM11	 17:51:45.593	-0.8794	0.6250	0.9146	86.6089	-20.8130	49.9878	38.5236	49.9219	-130.7593	37.3600	-84	-306	49	0	0	0	0	0	0.00	0.00000000	0.00000000	0.0	0.0	0.000	0.00000	0.00000	0.00000	0.00000	0	0.00	0.00	0.00
COM11	 17:51:45.599	-0.8867	0.6440	0.8784	91.4307	-12.8174	46.5088	39.1223	49.6802	-130.6165	37.3600	-87	-306	51	0	0	0	0	0	0.00	0.00000000	0.00000000	0.0	0.0	0.000	0.00000	0.00000	0.00000	0.00000	0	0.00	0.00	0.00
COM11	 17:51:45.604	-0.8911	0.6436	0.7900	95.7642	-5.8594	41.1987	39.7375	49.4824	-130.4736	37.3000	-88	-306	52	0	0	0	0	0	0.00	0.00000000	0.00000000	0.0	0.0	0.000	0.00000	0.00000	0.00000	0.00000	0	0.00	0.00	0.00
COM11	 17:51:45.608	-0.8965	0.6016	0.7642	99.4873	4.5166	25.3906	40.3583	49.3286	-130.3473	37.3000	-90	-305	52	0	0	0	0	0	0.00	0.00000000	0.00000000	0.0	0.0	0.000	0.00000	0.00000	0.00000	0.00000	0	0.00	0.00	0.00
COM11	 17:51:45.614	-0.8911	0.5229	0.7407	99.1211	5.9204	12.6953	41.4954	49.1638	-130.2209	37.1100	-91	-305	53	0	0	0	0	0	0.00	0.00000000	0.00000000	0.0	0.0	0.000	0.00000	0.00000	0.00000	0.00000	0	0.00	0.00	0.00
COM11	 17:51:45.620	-0.8423	0.4561	0.6787	100.2197	8.2397	-1.4038	41.9897	49.1638	-130.2594	37.3000	-94	-303	57	0	0	0	0	0	0.00	0.00000000	0.00000000	0.0	0.0	0.000	0.00000	0.00000	0.00000	0.00000	0	0.00	0.00	0.00
COM11	 17:51:45.622	-0.7598	0.4087	0.5273	101.4404	13.4888	-14.5264	42.4567	49.2242	-130.3473	37.4200	-95	-303	58	0	0	0	0	0	0.00	0.00000000	0.00000000	0.0	0.0	0.000	0.00000	0.00000	0.00000	0.00000	0	0.00	0.00	0.00
COM11	 17:51:45.632	-0.7461	0.3618	0.4575	100.1587	28.0762	-31.4941	42.9016	49.3506	-130.4572	37.2300	-97	-303	60	0	0	0	0	0	0.00	0.00000000	0.00000000	0.0	0.0	0.000	0.00000	0.00000	0.00000	0.00000	0	0.00	0.00	0.00
COM11	 17:51:45.635	-0.7437	0.3013	0.3999	96.4355	36.9873	-34.3628	43.7970	49.7461	-130.6274	37.2300	-98	-303	62	0	0	0	0	0	0.00	0.00000000	0.00000000	0.0	0.0	0.000	0.00000	0.00000	0.00000	0.00000	0	0.00	0.00	0.00
COM11	 17:51:45.646	-0.7666	0.2339	0.3389	90.8203	47.5464	-36.9263	44.2529	50.0153	-130.6494	37.2300	-99	-304	66	0	0	0	0	0	0.00	0.00000000	0.00000000	0.0	0.0	0.000	0.00000	0.00000	0.00000	0.00000	0	0.00	0.00	0.00
COM11	 17:51:45.652	-0.8301	0.1230	0.1924	82.3975	58.5938	-39.5508	44.7034	50.3339	-130.6219	37.3000	-99	-304	67	0	0	0	0	0	0.00	0.00000000	0.00000000	0.0	0.0	0.000	0.00000	0.00000	0.00000	0.00000	0	0.00	0.00	0.00
COM11	 17:51:45.654	-0.8442	0.0757	0.1367	49.6216	88.3789	-47.7905	45.1373	50.7184	-130.5286	37.3600	-99	-304	68	0	0	0	0	0	0.00	0.00000000	0.00000000	0.0	0.0	0.000	0.00000	0.00000	0.00000	0.00000	0	0.00	0.00	0.00
COM11	 17:51:45.665	-0.8433	0.0532	0.0566	18.6768	107.2998	-58.7158	45.8020	51.7401	-130.1550	37.2300	-99	-304	69	0	0	0	0	0	0.00	0.00000000	0.00000000	0.0	0.0	0.000	0.00000	0.00000	0.00000	0.00000	0	0.00	0.00	0.00
COM11	 17:51:45.674	-0.8076	-0.0215	-0.2280	-14.9536	128.2349	-66.1011	45.9888	52.4103	-129.8529	37.3000	-99	-307	75	0	0	0	0	0	0.00	0.00000000	0.00000000	0.0	0.0	0.000	0.00000	0.00000	0.00000	0.00000	0	0.00	0.00	0.00
COM11	 17:51:45.678	-1.0020	0.1240	-0.4351	-63.3545	155.4565	-71.8384	46.0492	53.1958	-129.4080	37.4200	-98	-307	75	0	0	0	0	0	0.00	0.00000000	0.00000000	0.0	0.0	0.000	0.00000	0.00000	0.00000	0.00000	0	0.00	0.00	0.00
COM11	 17:51:45.689	-0.8911	0.1455	-0.3433	-161.0107	142.6392	-156.4941	44.5221	56.1127	-128.8641	37.3000	-97	-308	75	0	0	0	0	0	0.00	0.00000000	0.00000000	0.0	0.0	0.000	0.00000	0.00000	0.00000	0.00000	0	0.00	0.00	0.00
COM11	 17:51:45.696	-0.6304	0.1328	-0.2354	-169.4946	126.8921	-192.1387	43.2916	57.2333	-129.3750	37.4900	-94	-308	73	0	0	0	0	0	0.00	0.00000000	0.00000000	0.0	0.0	0.000	0.00000	0.00000	0.00000	0.00000	0	0.00	0.00	0.00
COM11	 17:51:45.702	-0.2754	0.2671	-0.0625	-175.2319	114.8682	-216.8579	41.7755	58.3813	-130.1880	37.3600	-93	-309	71	0	0	0	0	0	0.00	0.00000000	0.00000000	0.0	0.0	0.000	0.00000	0.00000	0.00000	0.00000	0	0.00	0.00	0.00
COM11	 17:51:45.705	-0.2119	0.3101	-0.0547	-196.4722	91.8579	-227.1729	39.9683	59.5294	-131.2482	37.3000	-91	-310	69	0	0	0	0	0	0.00	0.00000000	0.00000000	0.0	0.0	0.000	0.00000	0.00000	0.00000	0.00000	0	0.00	0.00	0.00
COM11	 17:51:45.714	-0.1997	0.3569	-0.0278	-192.9321	71.7163	-213.3179	35.9033	61.4960	-133.8025	37.4200	-88	-310	67	0	0	0	0	0	0.00	0.00000000	0.00000000	0.0	0.0	0.000	0.00000	0.00000	0.00000	0.00000	0	0.00	0.00	0.00
COM11	 17:51:45.728	-0.2393	0.4258	0.0049	-183.7769	47.9126	-193.1763	33.8159	62.2266	-135.1978	37.3000	-82	-314	65	0	0	0	0	0	0.00	0.00000000	0.00000000	0.0	0.0	0.000	0.00000	0.00000	0.00000	0.00000	0	0.00	0.00	0.00
COM11	 17:51:45.731	-0.3369	0.6162	0.0972	-164.0625	16.2964	-160.9497	31.8549	62.7100	-136.5601	37.3000	-78	-314	62	0	0	0	0	0	0.00	0.00000000	0.00000000	0.0	0.0	0.000	0.00000	0.00000	0.00000	0.00000	0	0.00	0.00	0.00
COM11	 17:51:45.736	-0.3203	0.6274	0.1104	-144.8975	-29.2358	-136.5356	29.9048	63.0121	-137.9553	37.2300	-75	-315	59	0	0	0	0	0	0.00	0.00000000	0.00000000	0.0	0.0	0.000	0.00000	0.00000	0.00000	0.00000	0	0.00	0.00	0.00
COM11	 17:51:45.742	-0.3320	0.6294	0.1108	-136.0474	-42.2974	-139.4043	25.9772	63.2867	-140.9381	37.3000	-72	-315	56	0	0	0	0	0	0.00	0.00000000	0.00000000	0.0	0.0	0.000	0.00000	0.00000	0.00000	0.00000	0	0.00	0.00	0.00
COM11	 17:51:45.747	-0.4063	0.6128	0.1406	-130.4932	-52.1851	-147.0337	23.9117	63.3307	-142.6080	37.3600	-66	-315	49	0	0	0	0	0	0.00	0.00000000	0.00000000	0.0	0.0	0.000	0.00000	0.00000	0.00000	0.00000	0	0.00	0.00	0.00
COM11	 17:51:45.750	-0.6841	0.4443	0.3589	-119.2627	-61.2793	-150.6348	21.8353	63.3087	-144.3439	37.2300	-63	-314	47	0	0	0	0	0	0.00	0.00000000	0.00000000	0.0	0.0	0.000	0.00000	0.00000	0.00000	0.00000	0	0.00	0.00	0.00
COM11	 17:51:45.758	-0.7749	0.3955	0.4595	-83.4961	-80.1392	-144.4092	19.8798	63.2098	-146.0797	37.3600	-59	-314	43	0	0	0	0	0	0.00	0.00000000	0.00000000	0.0	0.0	0.000	0.00000	0.00000	0.00000	0.00000	0	0.00	0.00	0.00
COM11	 17:51:45.765	-0.8521	0.3076	0.5469	-75.6226	-86.7310	-143.7988	16.1829	62.8143	-149.5074	37.3600	-57	-314	40	0	0	0	0	0	0.00	0.00000000	0.00000000	0.0	0.0	0.000	0.00000	0.00000	0.00000	0.00000	0	0.00	0.00	0.00
COM11	 17:51:45.774	-0.9302	0.1812	0.6333	-69.0918	-88.9893	-139.5264	14.4525	62.5507	-151.1499	37.0500	-51	-314	34	0	0	0	0	0	0.00	0.00000000	0.00000000	0.0	0.0	0.000	0.00000	0.00000	0.00000	0.00000	0	0.00	0.00	0.00
COM11	 17:51:45.777	-1.2344	0.0225	0.8335	-63.9038	-87.8296	-128.9673	12.8705	62.2540	-152.6550	37.2300	-48	-314	32	0	0	0	0	0	0.00	0.00000000	0.00000000	0.0	0.0	0.000	0.00000	0.00000	0.00000	0.00000	0	0.00	0.00	0.00
COM11	 17:51:45.782	-1.4111	-0.0435	0.9531	-50.4150	-80.9326	-106.7505	11.4532	61.9409	-154.0173	37.3600	-46	-313	30	0	0	0	0	0	0.00	0.00000000	0.00000000	0.0	0.0	0.000	0.00000	0.00000	0.00000	0.00000	0	0.00	0.00	0.00
COM11	 17:51:45.791	-1.5601	-0.1494	1.0771	-44.4946	-73.1812	-97.0459	9.0747	61.3367	-156.3300	37.3600	-43	-313	27	0	0	0	0	0	0.00	0.00000000	0.00000000	0.0	0.0	0.000	0.00000	0.00000	0.00000	0.00000	0	0.00	0.00	0.00
COM11	 17:51:45.796	-1.6909	-0.2915	1.1938	-39.8560	-61.5234	-84.7168	8.1079	61.0840	-157.2748	37.2300	-38	-313	23	0	0	0	0	0	0.00	0.00000000	0.00000000	0.0	0.0	0.000	0.00000	0.00000	0.00000	0.00000	0	0.00	0.00	0.00
COM11	 17:51:45.801	-1.9131	-0.4995	1.3770	-35.3394	-45.1660	-69.0308	7.3224	60.8972	-158.0328	37.4200	-36	-312	21	0	0	0	0	0	0.00	0.00000000	0.00000000	0.0	0.0	0.000	0.00000	0.00000	0.00000	0.00000	0	0.00	0.00	0.00
COM11	 17:51:45.821	-2.0146	-0.5742	1.4517	-26.4282	0.0610	-34.1797	6.7291	60.7928	-158.5986	37.2300	-34	-312	19	0	0	0	0	0	0.00	0.00000000	0.00000000	0.0	0.0	0.000	0.00000	0.00000	0.00000	0.00000	0	0.00	0.00	0.00
COM11	 17:51:45.829	-2.0869	-0.6318	1.5059	-22.0947	25.0244	-22.5220	6.0535	60.9302	-159.1974	37.2300	-32	-311	17	0	0	0	0	0	0.00	0.00000000	0.00000000	0.0	0.0	0.000	0.00000	0.00000	0.00000	0.00000	0	0.00	0.00	0.00
COM11	 17:51:45.834	-2.1240	-0.6646	1.5249	-15.6250	52.1240	-18.4937	5.8667	61.1884	-159.3732	37.3000	-27	-311	15	0	0	0	0	0	0.00	0.00000000	0.00000000	0.0	0.0	0.000	0.00000	0.00000	0.00000	0.00000	0	0.00	0.00	0.00
COM11	 17:51:45.838	-2.1025	-0.7305	1.5361	-8.8501	80.9326	-19.0430	5.7129	61.5894	-159.5380	37.3600	-26	-312	15	0	0	0	0	0	0.00	0.00000000	0.00000000	0.0	0.0	0.000	0.00000	0.00000	0.00000	0.00000	0	0.00	0.00	0.00
COM11	 17:51:45.841	-2.0527	-0.7485	1.5337	-0.1831	137.0850	-7.7515	5.6195	62.1332	-159.6698	37.2300	-25	-313	14	0	0	0	0	0	0.00	0.00000000	0.00000000	0.0	0.0	0.000	0.00000	0.00000	0.00000	0.00000	0	0.00	0.00	0.00
COM11	 17:51:45.846	-1.9712	-0.7397	1.5181	2.7466	162.9639	9.8267	5.8722	63.5889	-159.4720	37.4200	-23	-314	14	0	0	0	0	0	0.00	0.00000000	0.00000000	0.0	0.0	0.000	0.00000	0.00000	0.00000	0.00000	0	0.00	0.00	0.00
COM11	 17:51:45.854	-1.8818	-0.7046	1.5015	6.7749	188.2935	32.4707	6.3940	64.4897	-158.9667	37.2300	-18	-315	13	0	0	0	0	0	0.00	0.00000000	0.00000000	0.0	0.0	0.000	0.00000	0.00000	0.00000	0.00000	0	0.00	0.00	0.00
COM11	 17:51:45.854	-1.7627	-0.5962	1.4551	11.9019	213.0737	57.8613	7.2729	65.4895	-158.0933	37.3600	-16	-316	13	0	0	0	0	0	0.00	0.00000000	0.00000000	0.0	0.0	0.000	0.00000	0.00000	0.00000	0.00000	0	0.00	0.00	0.00
COM11	 17:51:45.860	-1.7378	-0.5371	1.4443	29.3579	256.1646	98.8770	8.5474	66.5717	-156.8298	37.2300	-15	-316	11	0	0	0	0	0	0.00	0.00000000	0.00000000	0.0	0.0	0.000	0.00000	0.00000	0.00000	0.00000	0	0.00	0.00	0.00
COM11	 17:51:45.866	-1.7168	-0.4507	1.4556	40.7104	275.8179	113.7085	12.4255	68.9337	-153.0780	37.3600	-13	-316	10	0	0	0	0	0	0.00	0.00000000	0.00000000	0.0	0.0	0.000	0.00000	0.00000	0.00000	0.00000	0	0.00	0.00	0.00
COM11	 17:51:45.874	-1.7144	-0.3452	1.4985	49.9268	295.8374	126.8311	15.1337	70.1862	-150.4797	37.3600	-10	-316	8	0	0	0	0	0	0.00	0.00000000	0.00000000	0.0	0.0	0.000	0.00000	0.00000	0.00000	0.00000	0	0.00	0.00	0.00
COM11	 17:51:45.882	-1.7466	-0.1450	1.5786	60.4858	314.4531	138.0615	18.4790	71.4551	-147.2882	37.4200	-8	-316	7	0	0	0	0	0	0.00	0.00000000	0.00000000	0.0	0.0	0.000	0.00000	0.00000	0.00000	0.00000	0	0.00	0.00	0.00
COM11	 17:51:45.882	-1.7402	-0.0186	1.6831	92.2241	358.3984	149.9023	22.5769	72.7295	-143.3990	37.3000	-6	-316	6	0	0	0	0	0	0.00	0.00000000	0.00000000	0.0	0.0	0.000	0.00000	0.00000	0.00000	0.00000	0	0.00	0.00	0.00
COM11	 17:51:45.888	-1.7588	0.1274	1.8071	111.3892	387.4512	154.7852	33.9093	75.2289	-132.7258	37.2300	-4	-316	5	0	0	0	0	0	0.00	0.00000000	0.00000000	0.0	0.0	0.000	0.00000	0.00000	0.00000	0.00000	0	0.00	0.00	0.00
COM11	 17:51:45.894	-1.8110	0.2070	1.9189	131.8970	418.3960	164.8560	41.8634	76.3440	-125.2222	37.3000	0	-318	6	0	0	0	0	0	0.00	0.00000000	0.00000000	0.0	0.0	0.000	0.00000	0.00000	0.00000	0.00000	0	0.00	0.00	0.00
COM11	 17:51:45.897	-1.9507	0.1729	2.2754	155.9448	452.5757	176.7578	51.8390	77.2284	-115.8014	37.4200	1	-320	7	0	0	0	0	0	0.00	0.00000000	0.00000000	0.0	0.0	0.000	0.00000	0.00000	0.00000	0.00000	0	0.00	0.00	0.00
COM11	 17:51:45.910	-1.8125	0.0464	2.4194	252.0752	511.0474	258.8501	63.8635	77.6514	-104.4745	37.4200	3	-321	7	0	0	0	0	0	0.00	0.00000000	0.00000000	0.0	0.0	0.000	0.00000	0.00000	0.00000	0.00000	0	0.00	0.00	0.00
COM11	 17:51:45.918	-1.5239	0.1162	2.6558	276.1230	544.3115	299.2554	90.3845	76.1353	-80.0189	37.3600	5	-321	8	0	0	0	0	0	0.00	0.00000000	0.00000000	0.0	0.0	0.000	0.00000	0.00000	0.00000	0.00000	0	0.00	0.00	0.00
COM11	 17:51:45.927	-1.0996	0.1787	2.8013	311.8286	579.1626	323.1812	101.7334	74.2896	-69.9060	37.3000	10	-323	10	0	0	0	0	0	0.00	0.00000000	0.00000000	0.0	0.0	0.000	0.00000	0.00000	0.00000	0.00000	0	0.00	0.00	0.00
COM11	 17:51:45.929	-0.1211	0.0732	2.9160	334.2285	616.0278	329.8950	111.1871	71.9385	-61.7871	37.5500	12	-325	13	0	0	0	0	0	0.00	0.00000000	0.00000000	0.0	0.0	0.000	0.00000	0.00000	0.00000	0.00000	0	0.00	0.00	0.00
COM11	 17:51:45.934	0.3242	-0.0532	2.9316	387.2681	677.0020	293.1519	119.0698	69.2523	-55.3162	37.4200	13	-327	16	0	0	0	0	0	0.00	0.00000000	0.00000000	0.0	0.0	0.000	0.00000	0.00000	0.00000	0.00000	0	0.00	0.00	0.00
COM11	 17:51:45.939	0.7954	-0.1763	2.8955	447.3267	691.0400	295.0439	131.5393	63.2208	-46.2634	37.2300	15	-330	20	0	0	0	0	0	0.00	0.00000000	0.00000000	0.0	0.0	0.000	0.00000	0.00000	0.00000	0.00000	0	0.00	0.00	0.00
COM11	 17:51:45.945	1.2388	-0.2866	2.5869	495.4224	699.7070	307.6782	136.4667	59.8865	-43.4564	37.2300	17	-334	30	0	0	0	0	0	0.00	0.00000000	0.00000000	0.0	0.0	0.000	0.00000	0.00000	0.00000	0.00000	0	0.00	0.00	0.00
COM11	 17:51:45.948	1.7896	-0.7612	1.6089	542.4805	705.3223	311.6455	140.8557	56.4368	-41.4569	37.3600	19	-336	35	0	0	0	0	0	0.00	0.00000000	0.00000000	0.0	0.0	0.000	0.00000	0.00000	0.00000	0.00000	0	0.00	0.00	0.00
COM11	 17:51:45.953	1.8345	-0.9409	1.0938	637.1460	697.1436	341.3696	144.8712	52.9156	-40.1166	37.3600	19	-340	43	0	0	0	0	0	0.00	0.00000000	0.00000000	0.0	0.0	0.000	0.00000	0.00000	0.00000	0.00000	0	0.00	0.00	0.00
COM11	 17:51:45.965	1.7773	-1.0322	0.6011	663.4521	680.7251	389.0381	151.7047	45.6812	-39.5728	37.2300	19	-343	51	0	0	0	0	0	0.00	0.00000000	0.00000000	0.0	0.0	0.000	0.00000	0.00000	0.00000	0.00000	0	0.00	0.00	0.00
COM11	 17:51:45.973	1.6382	-1.1450	0.1670	663.5132	655.8228	440.3687	154.4348	42.0502	-40.3198	37.2300	18	-348	68	0	0	0	0	0	0.00	0.00000000	0.00000000	0.0	0.0	0.000	0.00000	0.00000	0.00000	0.00000	0	0.00	0.00	0.00
COM11	 17:51:45.977	1.3936	-1.3271	-0.6289	630.6763	619.1406	481.9336	156.6925	38.5291	-41.5887	37.3000	15	-349	78	0	0	0	0	0	0.00	0.00000000	0.00000000	0.0	0.0	0.000	0.00000	0.00000	0.00000	0.00000	0	0.00	0.00	0.00
COM11	 17:51:45.982	1.4429	-1.3530	-0.9702	510.0708	532.0435	492.0654	158.5272	35.2112	-43.1873	37.3000	12	-351	87	0	0	0	0	0	0.00	0.00000000	0.00000000	0.0	0.0	0.000	0.00000	0.00000	0.00000	0.00000	0	0.00	0.00	0.00
COM11	 17:51:45.989	1.5381	-1.3691	-1.3154	421.0815	487.9761	447.3267	161.2463	29.4324	-46.3953	37.3600	8	-351	97	0	0	0	0	0	0.00	0.00000000	0.00000000	0.0	0.0	0.000	0.00000	0.00000	0.00000	0.00000	0	0.00	0.00	0.00
COM11	 17:51:45.995	1.7612	-1.3179	-1.6016	338.0127	445.5566	400.5737	162.1472	26.9934	-47.7740	37.3600	-2	-350	116	0	0	0	0	0	0.00	0.00000000	0.00000000	0.0	0.0	0.000	0.00000	0.00000	0.00000	0.00000	0	0.00	0.00	0.00
COM11	 17:51:46.000	2.2358	-1.0776	-2.2393	267.3950	396.3623	353.5767	163.1250	24.2743	-48.9825	37.3000	-8	-349	125	0	0	0	0	0	0.00	0.00000000	0.00000000	0.0	0.0	0.000	0.00000	0.00000	0.00000	0.00000	0	0.00	0.00	0.00
COM11	 17:51:46.018	2.4634	-0.7388	-2.6328	173.4619	197.5098	263.3057	165.5695	18.4845	-52.1741	37.3600	-23	-345	142	0	0	0	0	0	0.00	0.00000000	0.00000000	0.0	0.0	0.000	0.00000	0.00000	0.00000	0.00000	0	0.00	0.00	0.00
COM11	 17:51:46.026	2.5479	-0.5083	-2.7231	157.7148	124.0234	243.7744	166.3055	17.4243	-53.1573	37.3600	-37	-340	155	0	0	0	0	0	0.00	0.00000000	0.00000000	0.0	0.0	0.000	0.00000	0.00000	0.00000	0.00000	0	0.00	0.00	0.00
COM11	 17:51:46.035	2.4346	-0.2734	-2.5874	120.3613	-11.5356	211.1206	166.9537	16.7651	-54.1132	37.3000	-45	-338	163	0	0	0	0	0	0.00	0.00000000	0.00000000	0.0	0.0	0.000	0.00000	0.00000	0.00000	0.00000	0	0.00	0.00	0.00
COM11	 17:51:46.035	2.2383	-0.2661	-2.3511	101.4404	-67.6270	193.4204	167.9535	16.4575	-55.9479	37.5500	-52	-336	169	0	0	0	0	0	0.00	0.00000000	0.00000000	0.0	0.0	0.000	0.00000	0.00000	0.00000	0.00000	0	0.00	0.00	0.00
COM11	 17:51:46.039	2.0146	-0.2983	-2.0615	80.8105	-109.0088	168.1519	168.3105	16.6937	-56.7444	37.3600	-67	-328	179	0	0	0	0	0	0.00	0.00000000	0.00000000	0.0	0.0	0.000	0.00000	0.00000	0.00000	0.00000	0	0.00	0.00	0.00
COM11	 17:51:46.051	1.5425	-0.4707	-1.5151	56.3965	-132.3853	131.1035	168.5907	17.0892	-57.3706	37.1100	-74	-326	186	0	0	0	0	0	0.00	0.00000000	0.00000000	0.0	0.0	0.000	0.00000	0.00000	0.00000	0.00000	0	0.00	0.00	0.00
COM11	 17:51:46.062	1.3130	-0.5811	-1.3301	5.3711	-131.4087	27.8931	168.8049	17.5726	-57.7441	37.4200	-80	-323	191	0	0	0	0	0	0.00	0.00000000	0.00000000	0.0	0.0	0.000	0.00000	0.00000	0.00000	0.00000	0	0.00	0.00	0.00
COM11	 17:51:46.063	1.1074	-0.6851	-1.2236	-19.5313	-116.0889	-23.8037	169.0961	18.5504	-57.6288	37.0500	-86	-320	196	0	0	0	0	0	0.00	0.00000000	0.00000000	0.0	0.0	0.000	0.00000	0.00000	0.00000	0.00000	0	0.00	0.00	0.00
COM11	 17:51:46.069	0.9243	-0.7842	-1.2046	-19.5313	-116.0889	-23.8037	169.2004	18.9899	-57.1783	37.3000	-96	-314	203	0	0	0	0	0	0.00	0.00000000	0.00000000	0.0	0.0	0.000	0.00000	0.00000	0.00000	0.00000	0	0.00	0.00	0.00
COM11	 17:51:46.072	0.6890	-1.0205	-1.3472	-56.4575	-83.3740	-106.8115	169.2938	19.3854	-56.5137	37.2300	-101	-311	206	0	0	0	0	0	0.00	0.00000000	0.00000000	0.0	0.0	0.000	0.00000	0.00000	0.00000	0.00000	0	0.00	0.00	0.00
COM11	 17:51:46.079	0.6421	-1.0947	-1.4678	-83.5571	-68.9087	-140.0757	169.3597	19.7479	-55.6952	37.1100	-104	-309	209	0	0	0	0	0	0.00	0.00000000	0.00000000	0.0	0.0	0.000	0.00000	0.00000	0.00000	0.00000	0	0.00	0.00	0.00
COM11	 17:51:46.082	0.6353	-1.1504	-1.6025	-96.6797	-74.3408	-139.2212	169.3378	20.4950	-54.0033	37.3600	-108	-307	212	0	0	0	0	0	0.00	0.00000000	0.00000000	0.0	0.0	0.000	0.00000	0.00000	0.00000	0.00000	0	0.00	0.00	0.00
COM11	 17:51:46.089	0.6289	-1.2319	-1.7319	-110.1074	-86.3647	-134.7046	169.2114	20.9399	-53.2013	37.3600	-113	-305	217	0	0	0	0	0	0.00	0.00000000	0.00000000	0.0	0.0	0.000	0.00000	0.00000	0.00000	0.00000	0	0.00	0.00	0.00
COM11	 17:51:46.095	0.7173	-1.3013	-1.9292	-123.0469	-103.6377	-121.0938	168.9972	21.4563	-52.4872	37.3000	-114	-305	220	0	0	0	0	0	0.00	0.00000000	0.00000000	0.0	0.0	0.000	0.00000	0.00000	0.00000	0.00000	0	0.00	0.00	0.00
COM11	 17:51:46.107	0.7710	-1.3018	-1.9673	-155.5176	-146.1792	-72.9370	168.6566	22.0605	-51.9159	36.9800	-115	-306	223	0	0	0	0	0	0.00	0.00000000	0.00000000	0.0	0.0	0.000	0.00000	0.00000	0.00000	0.00000	0	0.00	0.00	0.00
COM11	 17:51:46.109	0.7939	-1.3730	-1.9551	-172.6074	-169.3115	-44.0063	167.5305	23.5272	-51.2897	37.1100	-116	-306	224	0	0	0	0	0	0.00	0.00000000	0.00000000	0.0	0.0	0.000	0.00000	0.00000	0.00000	0.00000	0	0.00	0.00	0.00
COM11	 17:51:46.117	0.8071	-1.3945	-1.9102	-192.0166	-191.8335	-12.5732	166.7120	24.3787	-51.2787	37.4900	-115	-306	225	0	0	0	0	0	0.00	0.00000000	0.00000000	0.0	0.0	0.000	0.00000	0.00000	0.00000	0.00000	0	0.00	0.00	0.00
COM11	 17:51:46.123	0.8589	-1.3130	-1.8271	-213.8062	-214.5996	19.2871	165.6958	25.3015	-51.4819	37.3600	-115	-306	225	0	0	0	0	0	0.00	0.00000000	0.00000000	0.0	0.0	0.000	0.00000	0.00000	0.00000	0.00000	0	0.00	0.00	0.00
COM11	 17:51:46.131	0.8555	-1.2627	-1.7393	-262.6953	-262.2070	77.4536	164.4489	26.2903	-51.9104	37.4200	-115	-306	225	0	0	0	0	0	0.00	0.00000000	0.00000000	0.0	0.0	0.000	0.00000	0.00000	0.00000	0.00000	0	0.00	0.00	0.00
COM11	 17:51:46.139	0.8530	-1.2104	-1.6216	-284.8511	-289.3677	101.6846	161.3013	28.4821	-53.4045	37.4200	-114	-306	225	0	0	0	0	0	0.00	0.00000000	0.00000000	0.0	0.0	0.000	0.00000	0.00000	0.00000	0.00000	0	0.00	0.00	0.00
COM11	 17:51:46.145	0.8525	-1.1421	-1.5151	-306.0913	-318.5425	124.2065	159.3842	29.6851	-54.4812	37.2300	-113	-308	226	0	0	0	0	0	0.00	0.00000000	0.00000000	0.0	0.0	0.000	0.00000	0.00000	0.00000	0.00000	0	0.00	0.00	0.00
COM11	 17:51:46.150	0.9517	-1.0659	-1.2725	-326.8433	-349.4263	141.0522	157.2363	30.9650	-55.7721	37.1100	-112	-308	225	0	0	0	0	0	0.00	0.00000000	0.00000000	0.0	0.0	0.000	0.00000	0.00000	0.00000	0.00000	0	0.00	0.00	0.00
COM11	 17:51:46.155	1.0000	-1.0254	-1.1470	-370.9717	-400.8789	151.6724	154.8633	32.3053	-57.2552	37.3600	-111	-308	224	0	0	0	0	0	0.00	0.00000000	0.00000000	0.0	0.0	0.000	0.00000	0.00000	0.00000	0.00000	0	0.00	0.00	0.00
COM11	 17:51:46.161	1.0615	-0.9746	-0.9927	-397.2778	-423.1567	143.4937	149.4360	35.1123	-60.6500	37.1100	-111	-309	224	0	0	0	0	0	0.00	0.00000000	0.00000000	0.0	0.0	0.000	0.00000	0.00000	0.00000	0.00000	0	0.00	0.00	0.00
COM11	 17:51:46.165	1.1230	-0.9614	-0.7871	-430.6030	-442.0166	124.6338	146.3599	36.5900	-62.4902	37.4200	-111	-310	222	0	0	0	0	0	0.00	0.00000000	0.00000000	0.0	0.0	0.000	0.00000	0.00000	0.00000	0.00000	0	0.00	0.00	0.00
COM11	 17:51:46.172	1.2646	-0.8638	-0.4648	-459.5947	-456.9702	95.7031	143.0804	38.1171	-64.3634	37.2300	-112	-310	219	0	0	0	0	0	0.00	0.00000000	0.00000000	0.0	0.0	0.000	0.00000	0.00000	0.00000	0.00000	0	0.00	0.00	0.00
COM11	 17:51:46.177	1.3682	-0.8086	-0.2808	-516.4795	-482.2388	28.6865	139.6198	39.7046	-66.2695	37.3600	-112	-310	217	0	0	0	0	0	0.00	0.00000000	0.00000000	0.0	0.0	0.000	0.00000	0.00000	0.00000	0.00000	0	0.00	0.00	0.00
COM11	 17:51:46.180	1.4785	-0.7749	-0.0815	-545.4102	-490.7227	-3.9063	131.9952	43.0334	-70.2686	37.3000	-113	-310	215	0	0	0	0	0	0.00	0.00000000	0.00000000	0.0	0.0	0.000	0.00000	0.00000	0.00000	0.00000	0	0.00	0.00	0.00
COM11	 17:51:46.192	1.5420	-0.7178	0.1499	-564.5142	-494.9951	-29.9072	127.8534	44.7089	-72.4219	37.2300	-114	-310	210	0	0	0	0	0	0.00	0.00000000	0.00000000	0.0	0.0	0.000	0.00000	0.00000	0.00000	0.00000	0	0.00	0.00	0.00
COM11	 17:51:46.199	1.5127	-0.4292	0.6626	-572.6318	-495.3613	-48.4009	123.5193	46.3348	-74.7235	37.3000	-114	-310	206	0	0	0	0	0	0.00	0.00000000	0.00000000	0.0	0.0	0.000	0.00000	0.00000	0.00000	0.00000	0	0.00	0.00	0.00
COM11	 17:51:46.206	1.4512	-0.2539	0.9111	-553.4058	-478.8208	-68.6646	119.0479	47.8564	-77.1899	37.3600	-115	-310	201	0	0	0	0	0	0.00	0.00000000	0.00000000	0.0	0.0	0.000	0.00000	0.00000	0.00000	0.00000	0	0.00	0.00	0.00
COM11	 17:51:46.210	1.3008	-0.0439	1.0967	-536.0718	-459.1675	-77.0264	109.9951	50.5042	-82.4139	37.3000	-114	-311	197	0	0	0	0	0	0.00	0.00000000	0.00000000	0.0	0.0	0.000	0.00000	0.00000	0.00000	0.00000	0	0.00	0.00	0.00
COM11	 17:51:46.216	1.0996	0.1938	1.2344	-525.6348	-438.4155	-78.9795	105.4578	51.5863	-85.0946	37.3000	-114	-312	188	0	0	0	0	0	0.00	0.00000000	0.00000000	0.0	0.0	0.000	0.00000	0.00000	0.00000	0.00000	0	0.00	0.00	0.00
COM11	 17:51:46.225	0.6558	0.4966	1.3530	-511.9629	-414.0015	-99.1821	100.9973	52.5916	-87.7258	37.3600	-114	-312	183	0	0	0	0	0	0.00	0.00000000	0.00000000	0.0	0.0	0.000	0.00000	0.00000	0.00000	0.00000	0	0.00	0.00	0.00
COM11	 17:51:46.234	0.4033	0.5078	1.3130	-469.7266	-369.2017	-161.0718	95.5426	53.4210	-91.2524	37.3600	-113	-311	178	0	0	0	0	0	0.00	0.00000000	0.00000000	0.0	0.0	0.000	0.00000	0.00000	0.00000	0.00000	0	0.00	0.00	0.00
COM11	 17:51:46.237	0.1719	0.5146	1.3398	-445.4956	-356.7505	-200.1343	84.8090	55.0360	-98.4265	37.3000	-113	-311	173	0	0	0	0	0	0.00	0.00000000	0.00000000	0.0	0.0	0.000	0.00000	0.00000	0.00000	0.00000	0	0.00	0.00	0.00
COM11	 17:51:46.239	0.0142	0.5054	1.4014	-418.3350	-350.7080	-235.0464	79.3982	55.8325	-102.2552	37.5500	-112	-312	162	0	0	0	0	0	0.00	0.00000000	0.00000000	0.0	0.0	0.000	0.00000	0.00000	0.00000	0.00000	0	0.00	0.00	0.00
COM11	 17:51:46.249	-0.1792	0.5688	1.5425	-390.8691	-347.2290	-256.6528	73.9270	56.5302	-106.2982	37.2300	-111	-312	156	0	0	0	0	0	0.00	0.00000000	0.00000000	0.0	0.0	0.000	0.00000	0.00000	0.00000	0.00000	0	0.00	0.00	0.00
COM11	 17:51:46.257	-0.2788	0.5322	1.6143	-340.2100	-346.0693	-247.0703	68.4448	57.0300	-110.5060	37.3600	-110	-312	151	0	0	0	0	0	0.00	0.00000000	0.00000000	0.0	0.0	0.000	0.00000	0.00000	0.00000	0.00000	0	0.00	0.00	0.00
COM11	 17:51:46.258	-0.3262	0.5186	1.6606	-318.6035	-344.4824	-231.4453	57.7002	57.2113	-119.0259	37.1100	-109	-313	146	0	0	0	0	0	0.00	0.00000000	0.00000000	0.0	0.0	0.000	0.00000	0.00000	0.00000	0.00000	0	0.00	0.00	0.00
COM11	 17:51:46.266	-0.4287	0.5244	1.7471	-296.6309	-338.5620	-213.4399	52.6794	56.9092	-123.0743	37.2300	-107	-314	135	0	0	0	0	0	0.00	0.00000000	0.00000000	0.0	0.0	0.000	0.00000	0.00000	0.00000	0.00000	0	0.00	0.00	0.00
COM11	 17:51:46.271	-0.8042	0.5181	2.0205	-273.6816	-333.3740	-181.9458	48.0762	56.3324	-126.7987	37.3600	-105	-314	130	0	0	0	0	0	0.00	0.00000000	0.00000000	0.0	0.0	0.000	0.00000	0.00000	0.00000	0.00000	0	0.00	0.00	0.00
COM11	 17:51:46.280	-0.9121	0.5479	2.1177	-221.6187	-326.4771	-91.1865	44.0112	55.4645	-130.0726	37.3600	-103	-314	125	0	0	0	0	0	0.00	0.00000000	0.00000000	0.0	0.0	0.000	0.00000	0.00000	0.00000	0.00000	0	0.00	0.00	0.00
COM11	 17:51:46.283	-0.9536	0.5811	2.1997	-195.9839	-317.7490	-54.3213	37.6337	53.1079	-135.1044	36.9800	-101	-314	120	0	0	0	0	0	0.00	0.00000000	0.00000000	0.0	0.0	0.000	0.00000	0.00000	0.00000	0.00000	0	0.00	0.00	0.00
COM11	 17:51:46.298	-0.9155	0.6304	2.2446	-171.1426	-300.9644	-34.3018	35.1947	51.8170	-136.9995	37.3600	-99	-313	112	0	0	0	0	0	0.00	0.00000000	0.00000000	0.0	0.0	0.000	0.00000	0.00000	0.00000	0.00000	0	0.00	0.00	0.00
COM11	 17:51:46.303	-0.8711	0.7622	2.3018	-146.6064	-277.1606	-31.3110	33.1238	50.5920	-138.6255	37.2300	-98	-313	109	0	0	0	0	0	0.00	0.00000000	0.00000000	0.0	0.0	0.000	0.00000	0.00000	0.00000	0.00000	0	0.00	0.00	0.00
COM11	 17:51:46.306	-0.8809	0.7695	2.3311	-98.2666	-224.7314	-53.8330	31.3440	49.4824	-140.0812	37.4200	-97	-313	106	0	0	0	0	0	0.00	0.00000000	0.00000000	0.0	0.0	0.000	0.00000	0.00000	0.00000	0.00000	0	0.00	0.00	0.00
COM11	 17:51:46.311	-0.9136	0.7314	2.3164	-73.9746	-202.1484	-73.9136	28.3612	47.6697	-142.7948	37.2300	-97	-312	103	0	0	0	0	0	0.00	0.00000000	0.00000000	0.0	0.0	0.000	0.00000	0.00000	0.00000	0.00000	0	0.00	0.00	0.00
COM11	 17:51:46.317	-0.9614	0.6816	2.2905	-50.3540	-185.2417	-96.8628	27.0538	46.9446	-144.1791	37.3600	-96	-311	97	0	0	0	0	0	0.00	0.00000000	0.00000000	0.0	0.0	0.000	0.00000	0.00000	0.00000	0.00000	0	0.00	0.00	0.00
COM11	 17:51:46.334	-1.0215	0.4897	2.2314	-30.0293	-172.6685	-117.6758	25.8344	46.3129	-145.6073	37.4200	-96	-310	95	0	0	0	0	0	0.00	0.00000000	0.00000000	0.0	0.0	0.000	0.00000	0.00000	0.00000	0.00000	0	0.00	0.00	0.00
COM11	 17:51:46.337	-1.0479	0.3359	2.2065	2.2583	-161.0107	-134.1553	24.6973	45.7306	-147.0630	37.4200	-96	-309	93	0	0	0	0	0	0.00	0.00000000	0.00000000	0.0	0.0	0.000	0.00000	0.00000	0.00000	0.00000	0	0.00	0.00	0.00
COM11	 17:51:46.348	-1.1558	-0.0132	2.1489	23.2544	-156.4941	-113.0981	22.0111	43.9728	-151.0455	37.2300	-94	-307	89	0	0	0	0	0	0.00	0.00000000	0.00000000	0.0	0.0	0.000	0.00000	0.00000	0.00000	0.00000	0	0.00	0.00	0.00
COM11	 17:51:46.353	-1.3115	-0.2529	2.1128	26.0010	-151.9775	-99.0601	21.3574	43.3575	-152.1387	37.3600	-93	-307	90	0	0	0	0	0	0.00	0.00000000	0.00000000	0.0	0.0	0.000	0.00000	0.00000	0.00000	0.00000	0	0.00	0.00	0.00
COM11	 17:51:46.357	-1.3867	-0.3315	2.1279	17.9443	-137.2681	-70.5566	20.7916	42.7478	-153.1055	37.1100	-92	-307	90	0	0	0	0	0	0.00	0.00000000	0.00000000	0.0	0.0	0.000	0.00000	0.00000	0.00000	0.00000	0	0.00	0.00	0.00
COM11	 17:51:46.363	-1.4692	-0.3921	2.1357	10.6812	-126.5869	-56.5796	19.8358	41.5833	-154.6545	37.4200	-90	-308	92	0	0	0	0	0	0.00	0.00000000	0.00000000	0.0	0.0	0.000	0.00000	0.00000	0.00000	0.00000	0	0.00	0.00	0.00
COM11	 17:51:46.367	-1.5576	-0.4287	2.1611	6.2866	-114.2578	-41.6870	19.4568	41.0559	-155.2368	37.3000	-87	-308	93	0	0	0	0	0	0.00	0.00000000	0.00000000	0.0	0.0	0.000	0.00000	0.00000	0.00000	0.00000	0	0.00	0.00	0.00
COM11	 17:51:46.371	-1.7378	-0.3926	2.2188	4.2114	-101.6235	-23.6816	19.1602	40.5560	-155.6708	37.3600	-85	-308	93	0	0	0	0	0	0.00	0.00000000	0.00000000	0.0	0.0	0.000	0.00000	0.00000	0.00000	0.00000	0	0.00	0.00	0.00
COM11	 17:51:46.379	-1.8096	-0.3462	2.2437	11.4746	-75.6836	17.0898	18.9789	40.0946	-155.9454	37.4900	-84	-307	94	0	0	0	0	0	0.00	0.00000000	0.00000000	0.0	0.0	0.000	0.00000	0.00000	0.00000	0.00000	0	0.00	0.00	0.00
COM11	 17:51:46.382	-1.8682	-0.3022	2.2476	21.3623	-60.4858	35.6445	19.0173	39.2816	-156.0443	37.3600	-83	-307	94	0	0	0	0	0	0.00	0.00000000	0.00000000	0.0	0.0	0.000	0.00000	0.00000	0.00000	0.00000	0	0.00	0.00	0.00
COM11	 17:51:46.390	-1.9106	-0.2197	2.2891	30.8228	-42.1143	48.2178	19.2261	38.9740	-155.9070	37.2300	-82	-307	95	0	0	0	0	0	0.00	0.00000000	0.00000000	0.0	0.0	0.000	0.00000	0.00000	0.00000	0.00000	0	0.00	0.00	0.00
COM11	 17:51:46.395	-1.9795	-0.1309	2.2651	42.3584	-22.4609	57.7393	19.5557	38.7433	-155.6763	37.1100	-82	-306	95	0	0	0	0	0	0.00	0.00000000	0.00000000	0.0	0.0	0.000	0.00000	0.00000	0.00000	0.00000	0	0.00	0.00	0.00
COM11	 17:51:46.401	-1.9917	-0.1006	2.2437	71.1060	19.0430	70.0073	20.0006	38.6005	-155.3577	37.3600	-82	-306	95	0	0	0	0	0	0.00	0.00000000	0.00000000	0.0	0.0	0.000	0.00000	0.00000	0.00000	0.00000	0	0.00	0.00	0.00
COM11	 17:51:46.415	-2.0049	-0.1060	2.2051	84.4727	39.7339	70.9839	21.2366	38.5895	-154.5282	37.3000	-82	-306	96	0	0	0	0	0	0.00	0.00000000	0.00000000	0.0	0.0	0.000	0.00000	0.00000	0.00000	0.00000	0	0.00	0.00	0.00
COM11	 17:51:46.421	-1.9927	-0.1416	2.1543	95.8252	60.4248	66.4063	21.9727	38.7378	-154.0668	37.1100	-82	-305	97	0	0	0	0	0	0.00	0.00000000	0.00000000	0.0	0.0	0.000	0.00000	0.00000	0.00000	0.00000	0	0.00	0.00	0.00
COM11	 17:51:46.426	-1.9028	-0.2285	2.0625	106.0791	80.5054	60.6689	22.7692	38.9795	-153.5889	37.3000	-81	-305	98	0	0	0	0	0	0.00	0.00000000	0.00000000	0.0	0.0	0.000	0.00000	0.00000	0.00000	0.00000	0	0.00	0.00	0.00
COM11	 17:51:46.431	-1.8232	-0.2861	2.0103	122.4365	124.3896	57.8003	23.6371	39.3201	-153.0670	37.3600	-82	-305	100	0	0	0	0	0	0.00	0.00000000	0.00000000	0.0	0.0	0.000	0.00000	0.00000	0.00000	0.00000	0	0.00	0.00	0.00
COM11	 17:51:46.438	-1.7344	-0.3350	1.9585	128.1128	147.4609	58.4106	25.6201	40.3033	-151.8201	37.1100	-83	-306	102	0	0	0	0	0	0.00	0.00000000	0.00000000	0.0	0.0	0.000	0.00000	0.00000	0.00000	0.00000	0	0.00	0.00	0.00
COM11	 17:51:46.443	-1.6411	-0.3618	1.9351	135.7422	171.9360	60.3027	26.7627	40.9406	-151.0565	37.3000	-84	-306	104	0	0	0	0	0	0.00	0.00000000	0.00000000	0.0	0.0	0.000	0.00000	0.00000	0.00000	0.00000	0	0.00	0.00	0.00
COM11	 17:51:46.454	-1.5132	-0.2432	2.0000	145.4468	199.2798	65.6738	28.0426	41.6656	-150.1501	37.3600	-85	-306	105	0	0	0	0	0	0.00	0.00000000	0.00000000	0.0	0.0	0.000	0.00000	0.00000	0.00000	0.00000	0	0.00	0.00	0.00
COM11	 17:51:46.455	-1.5303	-0.1479	2.0635	155.0903	263.7939	77.6367	29.4763	42.4951	-149.0845	37.3600	-86	-306	105	0	0	0	0	0	0.00	0.00000000	0.00000000	0.0	0.0	0.000	0.00000	0.00000	0.00000	0.00000	0	0.00	0.00	0.00
COM11	 17:51:46.462	-1.5469	-0.0225	2.1646	162.5366	303.7720	84.4116	32.8766	44.4946	-146.3269	37.3000	-87	-307	107	0	0	0	0	0	0.00	0.00000000	0.00000000	0.0	0.0	0.000	0.00000	0.00000	0.00000	0.00000	0	0.00	0.00	0.00
COM11	 17:51:46.471	-1.5552	0.1689	2.3867	179.0161	350.7690	99.3042	35.0354	45.6647	-144.4757	37.3000	-88	-308	109	0	0	0	0	0	0.00	0.00000000	0.00000000	0.0	0.0	0.000	0.00000	0.00000	0.00000	0.00000	0	0.00	0.00	0.00
COM11	 17:51:46.474	-1.5737	0.9399	2.9404	206.7871	406.6162	125.7324	37.7216	46.9226	-142.1301	37.3600	-88	-308	109	0	0	0	0	0	0.00	0.00000000	0.00000000	0.0	0.0	0.000	0.00000	0.00000	0.00000	0.00000	0	0.00	0.00	0.00
COM11	 17:51:46.476	-1.6235	1.2236	3.2319	262.7563	529.7852	184.8145	41.0229	48.2300	-139.1638	37.4200	-89	-309	109	0	0	0	0	0	0.00	0.00000000	0.00000000	0.0	0.0	0.000	0.00000	0.00000	0.00000	0.00000	0	0.00	0.00	0.00
COM11	 17:51:46.481	-1.6387	1.3115	3.4619	306.0913	577.9419	198.1201	49.7186	50.7404	-131.3470	37.3000	-90	-309	110	0	0	0	0	0	0.00	0.00000000	0.00000000	0.0	0.0	0.000	0.00000	0.00000	0.00000	0.00000	0	0.00	0.00	0.00
COM11	 17:51:46.489	-1.5024	1.1826	3.6504	361.0840	611.9995	189.2090	55.0745	51.8445	-126.7383	37.3000	-92	-311	112	0	0	0	0	0	0.00	0.00000000	0.00000000	0.0	0.0	0.000	0.00000	0.00000	0.00000	0.00000	0	0.00	0.00	0.00
COM11	 17:51:46.494	-0.5879	0.6040	3.7695	421.7529	637.1460	161.4380	61.0181	52.8387	-121.8219	37.4200	-93	-311	112	0	0	0	0	0	0.00	0.00000000	0.00000000	0.0	0.0	0.000	0.00000	0.00000	0.00000	0.00000	0	0.00	0.00	0.00
COM11	 17:51:46.500	0.0161	0.2563	3.5898	527.1606	683.5327	69.5190	67.5110	53.7341	-116.6418	37.4900	-94	-312	112	0	0	0	0	0	0.00	0.00000000	0.00000000	0.0	0.0	0.000	0.00000	0.00000	0.00000	0.00000	0	0.00	0.00	0.00
COM11	 17:51:46.522	0.5596	0.0098	3.2979	564.0869	704.0405	20.6909	81.9305	55.1678	-105.4413	37.3600	-95	-312	113	0	0	0	0	0	0.00	0.00000000	0.00000000	0.0	0.0	0.000	0.00000	0.00000	0.00000	0.00000	0	0.00	0.00	0.00
COM11	 17:51:46.527	0.9487	-0.0469	2.9829	571.0449	721.9238	-20.7520	89.6539	55.5743	-99.4208	37.4200	-97	-313	116	0	0	0	0	0	0.00	0.00000000	0.00000000	0.0	0.0	0.000	0.00000	0.00000	0.00000	0.00000	0	0.00	0.00	0.00
COM11	 17:51:46.532	1.5498	0.2114	2.2988	572.6318	730.1636	-37.9028	97.4927	55.5908	-93.2684	37.3600	-97	-314	118	0	0	0	0	0	0.00	0.00000000	0.00000000	0.0	0.0	0.000	0.00000	0.00000	0.00000	0.00000	0	0.00	0.00	0.00
COM11	 17:51:46.536	1.5894	0.4399	2.0415	558.5327	711.0596	42.1143	105.1062	55.0140	-87.3193	37.3600	-97	-315	120	0	0	0	0	0	0.00	0.00000000	0.00000000	0.0	0.0	0.000	0.00000	0.00000	0.00000	0.00000	0	0.00	0.00	0.00
COM11	 17:51:46.541	1.4331	0.6133	1.8359	558.1055	682.0679	109.4360	118.3282	51.9434	-77.5525	37.4200	-98	-317	122	0	0	0	0	0	0.00	0.00000000	0.00000000	0.0	0.0	0.000	0.00000	0.00000	0.00000	0.00000	0	0.00	0.00	0.00
COM11	 17:51:46.546	1.1606	0.6318	1.6680	565.4297	636.9629	182.6782	123.5742	49.6582	-74.2676	37.2300	-97	-318	127	0	0	0	0	0	0.00	0.00000000	0.00000000	0.0	0.0	0.000	0.00000	0.00000	0.00000	0.00000	0	0.00	0.00	0.00
COM11	 17:51:46.552	0.7690	0.0859	1.2871	580.0171	581.1157	244.5679	127.9907	47.1259	-72.0648	37.1100	-97	-319	131	0	0	0	0	0	0.00	0.00000000	0.00000000	0.0	0.0	0.000	0.00000	0.00000	0.00000	0.00000	0	0.00	0.00	0.00
COM11	 17:51:46.556	0.7192	-0.2197	1.1421	628.6011	473.8770	313.2935	131.8304	44.5111	-70.7245	37.2300	-97	-319	135	0	0	0	0	0	0.00	0.00000000	0.00000000	0.0	0.0	0.000	0.00000	0.00000	0.00000	0.00000	0	0.00	0.00	0.00
COM11	 17:51:46.562	0.7754	-0.5264	1.0181	643.7988	429.3823	334.8389	138.4003	39.4080	-69.9500	37.3600	-98	-320	140	0	0	0	0	0	0.00	0.00000000	0.00000000	0.0	0.0	0.000	0.00000	0.00000	0.00000	0.00000	0	0.00	0.00	0.00
COM11	 17:51:46.570	0.8760	-0.8491	0.9189	646.4844	399.5972	349.2432	138.4003	39.4080	-69.9500	37.3600	-102	-319	151	0	0	0	0	0	0.00	0.00000000	0.00000000	0.0	0.0	0.000	0.00000	0.00000	0.00000	0.00000	0	0.00	0.00	0.00
COM11	 17:51:46.575	1.1558	-1.4302	0.5371	635.6812	383.6060	350.1587	144.0308	34.5740	-70.6531	37.4200	-104	-318	156	0	0	0	0	0	0.00	0.00000000	0.00000000	0.0	0.0	0.000	0.00000	0.00000	0.00000	0.00000	0	0.00	0.00	0.00
COM11	 17:51:46.578	1.3926	-1.6514	0.3062	581.6040	373.6572	294.8608	146.6180	32.2943	-71.1639	37.3600	-108	-314	161	0	0	0	0	0	0.00	0.00000000	0.00000000	0.0	0.0	0.000	0.00000	0.00000	0.00000	0.00000	0	0.00	0.00	0.00
COM11	 17:51:46.583	1.7183	-1.7783	0.0054	533.0811	379.7607	239.3188	151.4026	28.1030	-71.8506	37.4200	-111	-311	166	0	0	0	0	0	0.00	0.00000000	0.00000000	0.0	0.0	0.000	0.00000	0.00000	0.00000	0.00000	0	0.00	0.00	0.00
COM11	 17:51:46.589	2.0781	-1.8247	-0.3613	467.1021	390.9912	166.2598	153.5284	26.1914	-71.7847	37.5500	-120	-305	179	0	0	0	0	0	0.00	0.00000000	0.00000000	0.0	0.0	0.000	0.00000	0.00000	0.00000	0.00000	0	0.00	0.00	0.00
COM11	 17:51:46.593	2.8511	-1.6421	-1.2031	394.5923	399.5972	89.1113	155.4126	24.3951	-71.4001	37.2300	-126	-300	184	0	0	0	0	0	0.00	0.00000000	0.00000000	0.0	0.0	0.000	0.00000	0.00000	0.00000	0.00000	0	0.00	0.00	0.00
COM11	 17:51:46.598	3.1733	-1.4580	-1.6602	262.0239	383.6670	-68.4204	157.0331	22.7307	-70.7080	37.3600	-131	-295	188	0	0	0	0	0	0.00	0.00000000	0.00000000	0.0	0.0	0.000	0.00000	0.00000	0.00000	0.00000	0	0.00	0.00	0.00
COM11	 17:51:46.610	3.2285	-1.0083	-1.9414	216.3696	353.2715	-141.6016	160.9442	19.3195	-67.9834	37.2300	-135	-291	192	0	0	0	0	0	0.00	0.00000000	0.00000000	0.0	0.0	0.000	0.00000	0.00000	0.00000	0.00000	0	0.00	0.00	0.00
COM11	 17:51:46.618	3.3042	-1.2178	-2.2305	177.6123	300.8423	-196.2891	162.6251	18.0450	-66.3629	37.3600	-144	-283	198	0	0	0	0	0	0.00	0.00000000	0.00000000	0.0	0.0	0.000	0.00000	0.00000	0.00000	0.00000	0	0.00	0.00	0.00
COM11	 17:51:46.627	3.3008	-1.2158	-2.6318	162.4756	240.3564	-233.6426	164.2126	17.0837	-64.6765	37.3000	-148	-280	201	0	0	0	0	0	0.00	0.00000000	0.00000000	0.0	0.0	0.000	0.00000	0.00000	0.00000	0.00000	0	0.00	0.00	0.00
COM11	 17:51:46.628	3.1338	-1.3789	-2.6099	122.4365	110.4736	-248.7183	165.6738	16.4246	-63.0176	37.2300	-152	-278	203	0	0	0	0	0	0.00	0.00000000	0.00000000	0.0	0.0	0.000	0.00000	0.00000	0.00000	0.00000	0	0.00	0.00	0.00
COM11	 17:51:46.643	2.8467	-1.5596	-2.5366	94.0552	57.6172	-234.3750	168.0579	15.8807	-60.0293	37.2300	-156	-276	205	0	0	0	0	0	0.00	0.00000000	0.00000000	0.0	0.0	0.000	0.00000	0.00000	0.00000	0.00000	0	0.00	0.00	0.00
COM11	 17:51:46.649	2.5366	-1.7427	-2.3779	76.5991	16.8457	-215.2710	169.0137	15.8807	-58.7439	37.4200	-160	-274	207	0	0	0	0	0	0.00	0.00000000	0.00000000	0.0	0.0	0.000	0.00000	0.00000	0.00000	0.00000	0	0.00	0.00	0.00
COM11	 17:51:46.652	1.7847	-1.8101	-1.9663	50.9033	-12.0239	-198.6694	169.8047	15.9851	-57.5739	37.3600	-161	-274	209	0	0	0	0	0	0.00	0.00000000	0.00000000	0.0	0.0	0.000	0.00000	0.00000	0.00000	0.00000	0	0.00	0.00	0.00
COM11	 17:51:46.657	1.4346	-1.7949	-1.7935	-14.1602	-46.4478	-176.9409	170.4089	16.1719	-56.4697	37.1100	-162	-275	211	0	0	0	0	0	0.00	0.00000000	0.00000000	0.0	0.0	0.000	0.00000	0.00000	0.00000	0.00000	0	0.00	0.00	0.00
COM11	 17:51:46.669	0.9551	-1.7202	-1.5400	-62.9883	-67.3218	-143.7988	171.2109	17.0178	-53.6298	37.3600	-160	-278	215	0	0	0	0	0	0.00	0.00000000	0.00000000	0.0	0.0	0.000	0.00000	0.00000	0.00000	0.00000	0	0.00	0.00	0.00
COM11	 17:51:46.672	0.7700	-1.6201	-1.4497	-76.5991	-74.5850	-121.7651	171.2329	17.3529	-52.8992	37.1100	-160	-279	216	0	0	0	0	0	0.00	0.00000000	0.00000000	0.0	0.0	0.000	0.00000	0.00000	0.00000	0.00000	0	0.00	0.00	0.00
COM11	 17:51:46.678	0.7612	-1.5371	-1.4409	-93.8721	-85.2661	-74.0356	171.1725	17.7045	-52.2894	37.3600	-158	-280	217	0	0	0	0	0	0.00	0.00000000	0.00000000	0.0	0.0	0.000	0.00000	0.00000	0.00000	0.00000	0	0.00	0.00	0.00
COM11	 17:51:46.683	0.7354	-1.4478	-1.4443	-101.3794	-91.4917	-48.7671	170.8154	18.4351	-51.4874	37.3600	-157	-281	217	0	0	0	0	0	0.00	0.00000000	0.00000000	0.0	0.0	0.000	0.00000	0.00000	0.00000	0.00000	0	0.00	0.00	0.00
COM11	 17:51:46.694	0.7212	-1.3657	-1.4502	-111.6943	-100.3418	-25.6958	170.5023	18.8361	-51.2842	37.2300	-154	-283	218	0	0	0	0	0	0.00	0.00000000	0.00000000	0.0	0.0	0.000	0.00000	0.00000	0.00000	0.00000	0	0.00	0.00	0.00
COM11	 17:51:46.697	0.7275	-1.2095	-1.4009	-124.6948	-111.5112	-3.1128	170.0848	19.2755	-51.2128	37.2300	-153	-284	217	0	0	0	0	0	0.00	0.00000000	0.00000000	0.0	0.0	0.000	0.00000	0.00000	0.00000	0.00000	0	0.00	0.00	0.00
COM11	 17:51:46.703	0.7412	-1.1289	-1.3770	-150.5737	-132.4463	32.8369	169.5630	19.7534	-51.2512	37.2300	-151	-285	217	0	0	0	0	0	0.00	0.00000000	0.00000000	0.0	0.0	0.000	0.00000	0.00000	0.00000	0.00000	0	0.00	0.00	0.00
COM11	 17:51:46.708	0.7695	-1.0649	-1.3550	-164.6729	-142.8223	47.7905	168.2007	20.8081	-51.6357	37.1100	-150	-287	217	0	0	0	0	0	0.00	0.00000000	0.00000000	0.0	0.0	0.000	0.00000	0.00000	0.00000	0.00000	0	0.00	0.00	0.00
COM11	 17:51:46.717	0.7939	-1.0176	-1.3247	-179.7485	-153.1982	59.0820	167.3602	21.3904	-51.9598	37.3600	-147	-289	217	0	0	0	0	0	0.00	0.00000000	0.00000000	0.0	0.0	0.000	0.00000	0.00000	0.00000	0.00000	0	0.00	0.00	0.00
COM11	 17:51:46.725	0.7886	-0.8862	-1.2524	-199.0967	-163.1470	65.9180	166.3989	22.0056	-52.3334	37.2300	-145	-289	216	0	0	0	0	0	0.00	0.00000000	0.00000000	0.0	0.0	0.000	0.00000	0.00000	0.00000	0.00000	0	0.00	0.00	0.00
COM11	 17:51:46.730	0.8149	-0.8105	-1.2236	-234.3750	-181.8848	71.2891	165.3223	22.6538	-52.7563	37.3000	-145	-290	215	0	0	0	0	0	0.00	0.00000000	0.00000000	0.0	0.0	0.000	0.00000	0.00000	0.00000	0.00000	0	0.00	0.00	0.00
COM11	 17:51:46.736	0.8247	-0.7183	-1.1724	-249.0234	-192.0166	71.6553	162.8723	24.0601	-53.7122	37.3600	-144	-291	215	0	0	0	0	0	0.00	0.00000000	0.00000000	0.0	0.0	0.000	0.00000	0.00000	0.00000	0.00000	0	0.00	0.00	0.00
COM11	 17:51:46.741	0.8281	-0.6221	-1.1221	-261.6577	-204.3457	71.6553	161.5100	24.8291	-54.2450	37.1100	-143	-292	213	0	0	0	0	0	0.00	0.00000000	0.00000000	0.0	0.0	0.000	0.00000	0.00000	0.00000	0.00000	0	0.00	0.00	0.00
COM11	 17:51:46.747	0.8315	-0.4731	-0.9961	-274.1089	-220.6421	69.5801	160.0653	25.6586	-54.8218	36.9800	-142	-292	212	0	0	0	0	0	0.00	0.00000000	0.00000000	0.0	0.0	0.000	0.00000	0.00000	0.00000	0.00000	0	0.00	0.00	0.00
COM11	 17:51:46.753	0.8433	-0.3750	-0.9189	-297.5464	-255.1270	65.0024	158.5327	26.5594	-55.4425	37.3000	-142	-292	211	0	0	0	0	0	0.00	0.00000000	0.00000000	0.0	0.0	0.000	0.00000	0.00000	0.00000	0.00000	0	0.00	0.00	0.00
COM11	 17:51:46.759	0.9033	-0.3184	-0.8369	-305.6641	-273.6816	65.1245	155.1874	28.5480	-56.8762	37.1100	-142	-292	209	0	0	0	0	0	0.00	0.00000000	0.00000000	0.0	0.0	0.000	0.00000	0.00000	0.00000	0.00000	0	0.00	0.00	0.00
COM11	 17:51:46.769	0.9868	-0.2544	-0.7607	-311.1572	-289.1235	67.5049	153.3911	29.6082	-57.7277	37.2300	-142	-293	206	0	0	0	0	0	0.00	0.00000000	0.00000000	0.0	0.0	0.000	0.00000	0.00000	0.00000	0.00000	0	0.00	0.00	0.00
COM11	 17:51:46.771	1.0122	-0.0864	-0.6167	-317.6880	-301.7578	70.7397	151.4960	30.6903	-58.6670	37.1100	-141	-293	204	0	0	0	0	0	0.00	0.00000000	0.00000000	0.0	0.0	0.000	0.00000	0.00000	0.00000	0.00000	0	0.00	0.00	0.00
COM11	 17:51:46.780	0.9775	0.0142	-0.5151	-333.4961	-330.2002	67.7490	149.5020	31.7944	-59.6997	37.3600	-142	-293	202	0	0	0	0	0	0.00	0.00000000	0.00000000	0.0	0.0	0.000	0.00000	0.00000	0.00000	0.00000	0	0.00	0.00	0.00
COM11	 17:51:46.786	0.9619	0.1709	-0.4063	-343.8721	-349.2432	58.6548	145.1898	34.1400	-62.0123	37.4200	-142	-293	200	0	0	0	0	0	0.00	0.00000000	0.00000000	0.0	0.0	0.000	0.00000	0.00000	0.00000	0.00000	0	0.00	0.00	0.00
COM11	 17:51:46.793	0.9482	0.3008	-0.3325	-352.9053	-365.5396	45.6543	142.8717	35.3979	-63.2703	37.2300	-142	-294	197	0	0	0	0	0	0.00	0.00000000	0.00000000	0.0	0.0	0.000	0.00000	0.00000	0.00000	0.00000	0	0.00	0.00	0.00
COM11	 17:51:46.797	0.9116	0.4146	-0.1558	-361.1450	-381.5918	28.2593	140.4547	36.7273	-64.5831	37.3600	-142	-294	196	0	0	0	0	0	0.00	0.00000000	0.00000000	0.0	0.0	0.000	0.00000	0.00000	0.00000	0.00000	0	0.00	0.00	0.00
COM11	 17:51:46.803	0.9150	0.4277	-0.0518	-371.0327	-410.3394	-10.1318	137.9498	38.1226	-65.9564	37.2300	-143	-294	195	0	0	0	0	0	0.00	0.00000000	0.00000000	0.0	0.0	0.000	0.00000	0.00000	0.00000	0.00000	0	0.00	0.00	0.00
COM11	 17:51:46.810	0.9526	0.4731	0.0688	-373.2300	-421.9360	-30.7617	132.6599	41.0779	-68.9063	37.3600	-142	-294	193	0	0	0	0	0	0.00	0.00000000	0.00000000	0.0	0.0	0.000	0.00000	0.00000	0.00000	0.00000	0	0.00	0.00	0.00
COM11	 17:51:46.819	0.9824	0.5718	0.2080	-376.2817	-430.1147	-54.5044	129.8804	42.6379	-70.4718	37.4200	-142	-294	191	0	0	0	0	0	0.00	0.00000000	0.00000000	0.0	0.0	0.000	0.00000	0.00000	0.00000	0.00000	0	0.00	0.00	0.00
COM11	 17:51:46.821	0.9912	0.7412	0.4355	-379.4556	-433.7158	-77.8198	127.0184	44.2365	-72.0978	37.1100	-142	-295	190	0	0	0	0	0	0.00	0.00000000	0.00000000	0.0	0.0	0.000	0.00000	0.00000	0.00000	0.00000	0	0.00	0.00	0.00
COM11	 17:51:46.831	0.9341	0.7881	0.5605	-375.3052	-428.0396	-113.8916	124.0741	45.8350	-73.7787	37.3600	-143	-295	187	0	0	0	0	0	0.00	0.00000000	0.00000000	0.0	0.0	0.000	0.00000	0.00000	0.00000	0.00000	0	0.00	0.00	0.00
COM11	 17:51:46.849	0.8418	0.8276	0.6909	-370.9106	-422.1802	-133.3008	121.0583	47.4225	-75.5255	37.2300	-143	-295	185	0	0	0	0	0	0.00	0.00000000	0.00000000	0.0	0.0	0.000	0.00000	0.00000	0.00000	0.00000	0	0.00	0.00	0.00
COM11	 17:51:46.856	0.5493	0.7881	0.9102	-367.8589	-413.8794	-158.2642	112.8625	50.6635	-81.1505	37.2300	-142	-296	181	0	0	0	0	0	0.00	0.00000000	0.00000000	0.0	0.0	0.000	0.00000	0.00000	0.00000	0.00000	0	0.00	0.00	0.00
COM11	 17:51:46.864	0.4248	0.7202	0.9561	-368.4082	-387.2070	-225.5859	108.5559	52.2565	-84.1553	37.3600	-141	-297	179	0	0	0	0	0	0.00	0.00000000	0.00000000	0.0	0.0	0.000	0.00000	0.00000	0.00000	0.00000	0	0.00	0.00	0.00
COM11	 17:51:46.865	0.2861	0.6172	0.9961	-369.3848	-365.7227	-264.4653	99.5746	55.4810	-90.4449	37.3000	-140	-298	177	0	0	0	0	0	0.00	0.00000000	0.00000000	0.0	0.0	0.000	0.00000	0.00000	0.00000	0.00000	0	0.00	0.00	0.00
COM11	 17:51:46.869	0.1211	0.4844	1.0190	-369.0186	-342.1021	-303.8330	94.8944	57.1344	-93.7408	37.1100	-138	-303	174	0	0	0	0	0	0.00	0.00000000	0.00000000	0.0	0.0	0.000	0.00000	0.00000	0.00000	0.00000	0	0.00	0.00	0.00
COM11	 17:51:46.875	-0.1958	0.3340	1.0938	-368.7744	-317.5659	-340.2100	90.0330	58.8043	-97.1960	37.3600	-135	-305	172	0	0	0	0	0	0.00	0.00000000	0.00000000	0.0	0.0	0.000	0.00000	0.00000	0.00000	0.00000	0	0.00	0.00	0.00
COM11	 17:51:46.880	-0.3965	0.3086	1.1543	-375.3662	-268.3716	-397.5220	84.9243	60.4742	-100.8765	36.9800	-133	-306	170	0	0	0	0	0	0.00	0.00000000	0.00000000	0.0	0.0	0.000	0.00000	0.00000	0.00000	0.00000	0	0.00	0.00	0.00
COM11	 17:51:46.883	-0.5898	0.3110	1.2217	-380.5542	-246.5210	-409.0576	73.7183	63.6603	-109.1217	37.2300	-130	-309	167	0	0	0	0	0	0.00	0.00000000	0.00000000	0.0	0.0	0.000	0.00000	0.00000	0.00000	0.00000	0	0.00	0.00	0.00
COM11	 17:51:46.889	-0.7769	0.2988	1.2783	-382.8125	-228.6377	-413.5742	67.5220	65.0446	-113.8019	37.2300	-122	-313	161	0	0	0	0	0	0.00	0.00000000	0.00000000	0.0	0.0	0.000	0.00000	0.00000	0.00000	0.00000	0	0.00	0.00	0.00
COM11	 17:51:46.894	-1.3882	0.2666	1.4414	-373.5962	-212.4023	-412.8418	60.9906	66.2366	-118.8611	37.4200	-119	-315	157	0	0	0	0	0	0.00	0.00000000	0.00000000	0.0	0.0	0.000	0.00000	0.00000	0.00000	0.00000	0	0.00	0.00	0.00
COM11	 17:51:46.900	-1.7310	0.2769	1.6030	-315.7959	-209.7778	-325.7446	47.9169	67.4890	-129.3585	37.3600	-114	-318	153	0	0	0	0	0	0.00	0.00000000	0.00000000	0.0	0.0	0.000	0.00000	0.00000	0.00000	0.00000	0	0.00	0.00	0.00
COM11	 17:51:46.906	-1.9380	0.3120	1.7158	-270.3857	-223.5718	-245.5444	42.2150	67.3627	-134.0387	37.1100	-103	-321	143	0	0	0	0	0	0.00	0.00000000	0.00000000	0.0	0.0	0.000	0.00000	0.00000	0.00000	0.00000	0	0.00	0.00	0.00
COM11	 17:51:46.910	-1.8545	0.4570	1.8530	-213.1348	-236.8164	-159.4238	37.6227	66.7859	-137.8455	37.1100	-98	-323	138	0	0	0	0	0	0.00	0.00000000	0.00000000	0.0	0.0	0.000	0.00000	0.00000	0.00000	0.00000	0	0.00	0.00	0.00
COM11	 17:51:46.915	-1.6470	0.5112	1.8560	-88.5010	-233.0933	-38.9404	34.2554	65.8960	-140.7019	37.3000	-92	-324	133	0	0	0	0	0	0.00	0.00000000	0.00000000	0.0	0.0	0.000	0.00000	0.00000	0.00000	0.00000	0	0.00	0.00	0.00
COM11	 17:51:46.922	-1.4653	0.5430	1.8203	-38.8184	-209.9609	-33.3862	30.1025	63.9349	-144.5801	37.3600	-87	-325	128	0	0	0	0	0	0.00	0.00000000	0.00000000	0.0	0.0	0.000	0.00000	0.00000	0.00000	0.00000	0	0.00	0.00	0.00
COM11	 17:51:46.930	-1.3325	0.5693	1.7969	-4.0283	-178.5278	-60.7910	28.5370	63.1824	-146.3159	37.3600	-78	-328	121	0	0	0	0	0	0.00	0.00000000	0.00000000	0.0	0.0	0.000	0.00000	0.00000	0.00000	0.00000	0	0.00	0.00	0.00
COM11	 17:51:46.940	-1.2783	0.4775	1.7109	12.0239	-143.6768	-106.0791	26.9110	62.6715	-148.2220	37.2300	-74	-328	117	0	0	0	0	0	0.00	0.00000000	0.00000000	0.0	0.0	0.000	0.00000	0.00000	0.00000	0.00000	0	0.00	0.00	0.00
COM11	 17:51:46.943	-1.3628	0.3276	1.6675	11.4746	-87.0972	-193.7866	25.0598	62.4023	-150.3973	37.3600	-70	-328	113	0	0	0	0	0	0.00	0.00000000	0.00000000	0.0	0.0	0.000	0.00000	0.00000	0.00000	0.00000	0	0.00	0.00	0.00
COM11	 17:51:46.951	-1.4839	0.1396	1.6416	11.2305	-75.2563	-205.8105	20.9125	62.2156	-155.2423	37.4200	-67	-328	110	0	0	0	0	0	0.00	0.00000000	0.00000000	0.0	0.0	0.000	0.00000	0.00000	0.00000	0.00000	0	0.00	0.00	0.00
COM11	 17:51:46.957	-1.5894	-0.0767	1.6099	16.6626	-71.9604	-195.8008	18.9569	62.1112	-157.5659	37.4200	-61	-330	106	0	0	0	0	0	0.00	0.00000000	0.00000000	0.0	0.0	0.000	0.00000	0.00000	0.00000	0.00000	0	0.00	0.00	0.00
COM11	 17:51:46.965	-1.7056	-0.4111	1.5386	27.6489	-72.3877	-167.2363	17.3254	61.9354	-159.5819	37.4200	-58	-330	104	0	0	0	0	0	0.00	0.00000000	0.00000000	0.0	0.0	0.000	0.00000	0.00000	0.00000	0.00000	0	0.00	0.00	0.00
COM11	 17:51:46.968	-1.7114	-0.4629	1.5190	49.0112	-70.8618	-96.1914	16.0840	61.6882	-161.2354	37.2300	-54	-331	102	0	0	0	0	0	0.00	0.00000000	0.00000000	0.0	0.0	0.000	0.00000	0.00000	0.00000	0.00000	0	0.00	0.00	0.00
COM11	 17:51:46.973	-1.7090	-0.4629	1.5161	52.1240	-64.8804	-62.3779	14.7327	61.0840	-163.3722	37.1100	-51	-331	100	0	0	0	0	0	0.00	0.00000000	0.00000000	0.0	0.0	0.000	0.00000	0.00000	0.00000	0.00000	0	0.00	0.00	0.00
COM11	 17:51:46.989	-1.7163	-0.4360	1.5181	50.5371	-53.2837	-37.1094	14.4690	60.8038	-163.9655	37.4200	-44	-332	98	0	0	0	0	0	0.00	0.00000000	0.00000000	0.0	0.0	0.000	0.00000	0.00000	0.00000	0.00000	0	0.00	0.00	0.00
COM11	 17:51:47.001	-1.8237	-0.2578	1.5347	42.9688	4.3335	-9.1553	14.3372	60.4633	-164.6576	37.2300	-38	-334	100	0	0	0	0	0	0.00	0.00000000	0.00000000	0.0	0.0	0.000	0.00000	0.00000	0.00000	0.00000	0	0.00	0.00	0.00
COM11	 17:51:47.004	-1.8687	-0.2158	1.5269	45.4102	23.4985	-2.6855	14.5844	60.5017	-164.8938	37.2300	-35	-334	99	0	0	0	0	0	0.00	0.00000000	0.00000000	0.0	0.0	0.000	0.00000	0.00000	0.00000	0.00000	0	0.00	0.00	0.00
COM11	 17:51:47.010	-1.9019	-0.2012	1.4971	50.5981	40.6494	4.8218	14.8865	60.6335	-164.8444	37.3600	-30	-334	99	0	0	0	0	0	0.00	0.00000000	0.00000000	0.0	0.0	0.000	0.00000	0.00000	0.00000	0.00000	0	0.00	0.00	0.00
COM11	 17:51:47.013	-1.8857	-0.1895	1.4082	58.4106	55.2368	13.6719	15.3424	60.8368	-164.6686	37.2300	-28	-334	99	0	0	0	0	0	0.00	0.00000000	0.00000000	0.0	0.0	0.000	0.00000	0.00000	0.00000	0.00000	0	0.00	0.00	0.00
COM11	 17:51:47.018	-1.8423	-0.1968	1.3555	79.0405	83.9844	37.9028	15.9796	61.0895	-164.3390	37.3600	-26	-334	99	0	0	0	0	0	0.00	0.00000000	0.00000000	0.0	0.0	0.000	0.00000	0.00000	0.00000	0.00000	0	0.00	0.00	0.00
COM11	 17:51:47.027	-1.7876	-0.1958	1.3003	89.5996	98.2056	51.8188	17.9022	61.7377	-163.1195	37.3000	-24	-334	99	0	0	0	0	0	0.00	0.00000000	0.00000000	0.0	0.0	0.000	0.00000	0.00000	0.00000	0.00000	0	0.00	0.00	0.00
COM11	 17:51:47.032	-1.7607	-0.1992	1.2471	99.8535	113.3423	62.1338	19.1876	62.1387	-162.2351	37.3000	-20	-335	100	0	0	0	0	0	0.00	0.00000000	0.00000000	0.0	0.0	0.000	0.00000	0.00000	0.00000	0.00000	0	0.00	0.00	0.00
COM11	 17:51:47.039	-1.7749	-0.1348	1.1689	109.1309	126.6479	68.8477	20.6488	62.5726	-161.2079	37.2300	-19	-335	101	0	0	0	0	0	0.00	0.00000000	0.00000000	0.0	0.0	0.000	0.00000	0.00000	0.00000	0.00000	0	0.00	0.00	0.00
COM11	 17:51:47.069	-1.7593	-0.0435	1.1230	159.2407	187.6831	33.6304	22.2198	63.0560	-160.1038	37.3000	-18	-335	101	0	0	0	0	0	0.00	0.00000000	0.00000000	0.0	0.0	0.000	0.00000	0.00000	0.00000	0.00000	0	0.00	0.00	0.00
COM11	 17:51:47.070	-1.5566	0.0469	1.1519	170.4712	206.4209	33.0811	33.3490	66.8463	-152.6276	37.3600	-15	-338	109	0	0	0	0	0	0.00	0.00000000	0.00000000	0.0	0.0	0.000	0.00000	0.00000	0.00000	0.00000	0	0.00	0.00	0.00
COM11	 17:51:47.077	-1.5566	0.0742	1.1650	179.9316	228.2715	38.5132	35.9857	67.6428	-150.7434	37.2300	-15	-339	112	0	0	0	0	0	0.00	0.00000000	0.00000000	0.0	0.0	0.000	0.00000	0.00000	0.00000	0.00000	0	0.00	0.00	0.00
COM11	 17:51:47.083	-1.6045	0.0918	1.1855	185.8521	251.0986	49.3164	39.0948	68.4613	-148.3923	37.3600	-15	-339	114	0	0	0	0	0	0.00	0.00000000	0.00000000	0.0	0.0	0.000	0.00000	0.00000	0.00000	0.00000	0	0.00	0.00	0.00
COM11	 17:51:47.089	-1.5903	0.0596	1.2241	190.5518	296.9360	77.4536	42.7478	69.2633	-145.4865	37.2300	-15	-341	118	0	0	0	0	0	0.00	0.00000000	0.00000000	0.0	0.0	0.000	0.00000	0.00000	0.00000	0.00000	0	0.00	0.00	0.00
COM11	 17:51:47.094	-1.5317	0.0903	1.2534	193.4204	322.5708	93.0786	51.9873	70.6970	-137.6862	37.3000	-15	-342	121	0	0	0	0	0	0.00	0.00000000	0.00000000	0.0	0.0	0.000	0.00000	0.00000	0.00000	0.00000	0	0.00	0.00	0.00
COM11	 17:51:47.097	-1.4790	0.1597	1.2749	195.4346	350.3418	109.4360	57.7277	71.2463	-132.6379	37.3000	-15	-343	124	0	0	0	0	0	0.00	0.00000000	0.00000000	0.0	0.0	0.000	0.00000	0.00000	0.00000	0.00000	0	0.00	0.00	0.00
COM11	 17:51:47.103	-1.3691	0.2603	1.2832	197.3267	374.0845	125.3662	64.1547	71.6034	-126.8866	37.3600	-16	-343	127	0	0	0	0	0	0.00	0.00000000	0.00000000	0.0	0.0	0.000	0.00000	0.00000	0.00000	0.00000	0	0.00	0.00	0.00
COM11	 17:51:47.109	-1.2915	0.3203	1.2749	205.2612	403.3813	139.5874	71.0431	71.7297	-120.6738	37.3600	-16	-343	130	0	0	0	0	0	0.00	0.00000000	0.00000000	0.0	0.0	0.000	0.00000	0.00000	0.00000	0.00000	0	0.00	0.00	0.00
COM11	 17:51:47.122	-1.2104	0.3862	1.2666	214.1724	408.5693	145.5688	85.1605	71.2244	-107.9791	37.3600	-17	-344	133	0	0	0	0	0	0.00	0.00000000	0.00000000	0.0	0.0	0.000	0.00000	0.00000	0.00000	0.00000	0	0.00	0.00	0.00
COM11	 17:51:47.125	-1.1113	0.3911	1.2256	226.8677	408.9355	152.0996	91.8842	70.5597	-102.0520	37.2300	-19	-346	140	0	0	0	0	0	0.00	0.00000000	0.00000000	0.0	0.0	0.000	0.00000	0.00000	0.00000	0.00000	0	0.00	0.00	0.00
COM11	 17:51:47.132	-0.8794	0.3345	1.0483	245.1172	404.3579	158.3862	98.1244	69.6533	-96.6962	37.2300	-20	-347	143	0	0	0	0	0	0.00	0.00000000	0.00000000	0.0	0.0	0.000	0.00000	0.00000	0.00000	0.00000	0	0.00	0.00	0.00
COM11	 17:51:47.139	-0.7554	0.3691	0.9624	297.4854	388.0615	178.4058	103.8208	68.5327	-92.0435	36.9800	-22	-346	146	0	0	0	0	0	0.00	0.00000000	0.00000000	0.0	0.0	0.000	0.00000	0.00000	0.00000	0.00000	0	0.00	0.00	0.00
COM11	 17:51:47.142	-0.6377	0.3809	0.8765	314.7583	381.2256	192.3218	113.4943	65.7257	-84.8145	37.3000	-24	-346	148	0	0	0	0	0	0.00	0.00000000	0.00000000	0.0	0.0	0.000	0.00000	0.00000	0.00000	0.00000	0	0.00	0.00	0.00
COM11	 17:51:47.150	-0.5596	0.4321	0.7944	324.3408	376.7700	204.8950	117.5208	64.0997	-82.1228	37.3600	-29	-345	155	0	0	0	0	0	0.00	0.00000000	0.00000000	0.0	0.0	0.000	0.00000	0.00000	0.00000	0.00000	0	0.00	0.00	0.00
COM11	 17:51:47.156	-0.4717	0.5479	0.6914	328.1250	372.4976	215.9424	121.0638	62.3694	-79.9420	37.3600	-32	-344	158	0	0	0	0	0	0.00	0.00000000	0.00000000	0.0	0.0	0.000	0.00000	0.00000	0.00000	0.00000	0	0.00	0.00	0.00
COM11	 17:51:47.163	-0.4268	0.6152	0.6587	339.4775	366.5161	218.5669	124.2444	60.5731	-78.1622	37.3000	-35	-343	161	0	0	0	0	0	0.00	0.00000000	0.00000000	0.0	0.0	0.000	0.00000	0.00000	0.00000	0.00000	0	0.00	0.00	0.00
COM11	 17:51:47.167	-0.3525	0.6563	0.6455	348.8159	362.1826	218.0786	129.8419	56.9092	-75.5255	37.2300	-39	-342	165	0	0	0	0	0	0.00	0.00000000	0.00000000	0.0	0.0	0.000	0.00000	0.00000	0.00000	0.00000	0	0.00	0.00	0.00
COM11	 17:51:47.175	-0.2666	0.6826	0.6230	359.7412	355.5908	221.4355	132.3248	55.0580	-74.6301	37.3000	-46	-339	173	0	0	0	0	0	0.00	0.00000000	0.00000000	0.0	0.0	0.000	0.00000	0.00000	0.00000	0.00000	0	0.00	0.00	0.00
COM11	 17:51:47.180	-0.0229	0.6230	0.5596	373.3521	344.3604	232.0557	134.5990	53.1848	-74.0479	37.2300	-49	-337	177	0	0	0	0	0	0.00	0.00000000	0.00000000	0.0	0.0	0.000	0.00000	0.00000	0.00000	0.00000	0	0.00	0.00	0.00
COM11	 17:51:47.189	0.1074	0.5483	0.5156	418.7012	321.5332	266.1743	136.7139	51.2842	-73.7677	37.3000	-54	-335	181	0	0	0	0	0	0.00	0.00000000	0.00000000	0.0	0.0	0.000	0.00000	0.00000	0.00000	0.00000	0	0.00	0.00	0.00
COM11	 17:51:47.206	0.1890	0.4170	0.4565	447.3267	309.9365	291.0156	140.6250	47.4115	-74.1083	37.4200	-59	-333	186	0	0	0	0	0	0.00	0.00000000	0.00000000	0.0	0.0	0.000	0.00000	0.00000	0.00000	0.00000	0	0.00	0.00	0.00
COM11	 17:51:47.211	0.2729	0.2163	0.3945	474.3042	298.4619	316.4063	142.4597	45.4340	-74.7125	36.9800	-69	-327	194	0	0	0	0	0	0.00	0.00000000	0.00000000	0.0	0.0	0.000	0.00000	0.00000	0.00000	0.00000	0	0.00	0.00	0.00
COM11	 17:51:47.218	0.4893	-0.1572	0.1714	499.3896	289.1846	334.6558	144.2780	43.4564	-75.5255	37.3000	-75	-322	198	0	0	0	0	0	0.00	0.00000000	0.00000000	0.0	0.0	0.000	0.00000	0.00000	0.00000	0.00000	0	0.00	0.00	0.00
COM11	 17:51:47.226	0.6309	-0.2939	0.0771	537.4756	277.9541	337.4634	146.1346	41.5118	-76.4703	37.1100	-81	-319	203	0	0	0	0	0	0.00	0.00000000	0.00000000	0.0	0.0	0.000	0.00000	0.00000	0.00000	0.00000	0	0.00	0.00	0.00
COM11	 17:51:47.231	0.7803	-0.4170	-0.0293	542.6636	276.0620	321.1670	150.0073	37.8094	-78.4314	37.3600	-87	-314	208	0	0	0	0	0	0.00	0.00000000	0.00000000	0.0	0.0	0.000	0.00000	0.00000	0.00000	0.00000	0	0.00	0.00	0.00
COM11	 17:51:47.234	0.9443	-0.5464	-0.1685	535.9497	276.1841	288.0859	152.0233	36.1066	-79.2773	37.3600	-101	-303	218	0	0	0	0	0	0.00	0.00000000	0.00000000	0.0	0.0	0.000	0.00000	0.00000	0.00000	0.00000	0	0.00	0.00	0.00
COM11	 17:51:47.240	1.3228	-0.7231	-0.4341	522.9492	276.3062	244.9341	154.0833	34.5300	-79.9475	37.3600	-107	-297	222	0	0	0	0	0	0.00	0.00000000	0.00000000	0.0	0.0	0.000	0.00000	0.00000	0.00000	0.00000	0	0.00	0.00	0.00
COM11	 17:51:47.244	1.4985	-0.7529	-0.5869	486.1450	271.3623	135.6812	156.1761	33.0908	-80.3870	37.3600	-114	-289	227	0	0	0	0	0	0.00	0.00000000	0.00000000	0.0	0.0	0.000	0.00000	0.00000	0.00000	0.00000	0	0.00	0.00	0.00
COM11	 17:51:47.247	1.6724	-0.7759	-0.7251	466.9189	264.3433	80.6274	160.4004	30.6134	-80.5847	37.2300	-121	-282	231	0	0	0	0	0	0.00	0.00000000	0.00000000	0.0	0.0	0.000	0.00000	0.00000	0.00000	0.00000	0	0.00	0.00	0.00
COM11	 17:51:47.253	1.8364	-0.8086	-0.8662	448.5474	253.3569	27.0386	162.4878	29.5587	-80.3650	37.1100	-133	-268	239	0	0	0	0	0	0.00	0.00000000	0.00000000	0.0	0.0	0.000	0.00000	0.00000	0.00000	0.00000	0	0.00	0.00	0.00
COM11	 17:51:47.265	2.0596	-0.8921	-1.1309	433.4717	239.3799	-24.1089	164.5587	28.6029	-79.9750	37.3600	-140	-260	242	0	0	0	0	0	0.00	0.00000000	0.00000000	0.0	0.0	0.000	0.00000	0.00000	0.00000	0.00000	0	0.00	0.00	0.00
COM11	 17:51:47.265	2.1274	-0.9639	-1.2598	399.8413	193.5425	-98.9380	167.3273	27.4988	-79.1345	37.3000	-140	-260	242	0	0	0	0	0	0.00	0.00000000	0.00000000	0.0	0.0	0.000	0.00000	0.00000	0.00000	0.00000	0	0.00	0.00	0.00
COM11	 17:51:47.269	2.1558	-1.0474	-1.3809	378.7231	162.9639	-125.6104	172.6227	25.7465	-77.1075	37.3000	-151	-246	247	0	0	0	0	0	0.00	0.00000000	0.00000000	0.0	0.0	0.000	0.00000	0.00000	0.00000	0.00000	0	0.00	0.00	0.00
COM11	 17:51:47.278	2.1919	-1.1064	-1.3799	346.8628	132.8735	-149.2920	175.0562	25.0708	-75.9650	37.4200	-162	-234	253	0	0	0	0	0	0.00	0.00000000	0.00000000	0.0	0.0	0.000	0.00000	0.00000	0.00000	0.00000	0	0.00	0.00	0.00
COM11	 17:51:47.282	2.0249	-1.3286	-1.7305	277.4658	102.2949	-168.5791	177.1381	24.5160	-74.7565	37.2300	-166	-229	255	0	0	0	0	0	0.00	0.00000000	0.00000000	0.0	0.0	0.000	0.00000	0.00000	0.00000	0.00000	0	0.00	0.00	0.00
COM11	 17:51:47.290	1.9551	-1.3818	-1.6479	214.4775	15.9912	-206.1157	-179.1266	23.9667	-72.1033	37.1100	-170	-225	260	0	0	0	0	0	0.00	0.00000000	0.00000000	0.0	0.0	0.000	0.00000	0.00000	0.00000	0.00000	0	0.00	0.00	0.00
COM11	 17:51:47.295	1.8599	-1.4731	-1.6050	161.8652	-19.9585	-217.5903	-177.5830	23.9282	-70.6750	37.3000	-177	-218	265	0	0	0	0	0	0.00	0.00000000	0.00000000	0.0	0.0	0.000	0.00000	0.00000	0.00000	0.00000	0	0.00	0.00	0.00
COM11	 17:51:47.298	1.6235	-1.6890	-1.5366	116.3330	-49.2554	-224.1821	-176.2646	23.9996	-69.2084	37.2300	-179	-215	267	0	0	0	0	0	0.00	0.00000000	0.00000000	0.0	0.0	0.000	0.00000	0.00000	0.00000	0.00000	0	0.00	0.00	0.00
COM11	 17:51:47.306	1.4624	-1.7603	-1.4800	57.7393	-94.2993	-215.7593	-175.1111	24.1699	-67.7362	37.1100	-181	-213	269	0	0	0	0	0	0.00	0.00000000	0.00000000	0.0	0.0	0.000	0.00000	0.00000	0.00000	0.00000	0	0.00	0.00	0.00
COM11	 17:51:47.312	1.2666	-1.7642	-1.4238	37.3535	-115.8447	-198.8525	-173.2159	24.7687	-64.9237	37.2300	-183	-211	271	0	0	0	0	0	0.00	0.00000000	0.00000000	0.0	0.0	0.000	0.00000	0.00000	0.00000	0.00000	0	0.00	0.00	0.00
COM11	 17:51:47.320	1.0762	-1.7017	-1.3618	22.7051	-134.4604	-179.0161	-172.4359	25.2081	-63.6493	37.2300	-185	-210	276	0	0	0	0	0	0.00	0.00000000	0.00000000	0.0	0.0	0.000	0.00000	0.00000	0.00000	0.00000	0	0.00	0.00	0.00
COM11	 17:51:47.322	0.7319	-1.5635	-1.2334	9.0942	-152.4658	-156.7993	-171.7603	25.7355	-62.4738	37.4200	-184	-210	278	0	0	0	0	0	0.00	0.00000000	0.00000000	0.0	0.0	0.000	0.00000	0.00000	0.00000	0.00000	0	0.00	0.00	0.00
